1 0.01796875 0.0828125 0.0125 0.0140625
1 0.0171875 0.14765625 0.034375 0.0421875
1 0.046875 0.12578125 0.0203125 0.0296875
1 0.09453125 0.13203125 0.0578125 0.05625
1 0.15078125 0.2296875 0.0671875 0.0765625
0 0.13828125 0.09140625 0.0125 0.0125
1 0.28984375 0.1359375 0.0265625 0.0390625
1 0.33671875 0.0984375 0.0203125 0.025
1 0.384375 0.15 0.0359375 0.040625
1 0.43984375 0.39453125 0.0609375 0.0546875
1 0.50703125 0.36484375 0.0484375 0.053125
1 0.58125 0.3828125 0.05625 0.05625
1 0.69296875 0.4234375 0.0671875 0.05
1 0.878125 0.41640625 0.0609375 0.0578125
1 0.79140625 0.35078125 0.0578125 0.05625
1 0.6546875 0.37421875 0.028125 0.053125
1 0.70234375 0.36796875 0.0609375 0.0484375
1 0.34921875 0.840625 0.1171875 0.290625
1 0.8109375 0.80703125 0.190625 0.1875