1 0.11953125 0.3734375 0.125 0.121875
1 0.0484375 0.21015625 0.096875 0.1171875
1 0.27890625 0.09375 0.1265625 0.13125
1 0.4109375 0.0484375 0.09375 0.096875
1 0.5078125 0.11484375 0.09375 0.09375
1 0.57890625 0.065625 0.0171875 0.071875
1 0.7953125 0.1765625 0.0890625 0.08125
1 0.63671875 0.24140625 0.04375 0.0609375
1 0.928125 0.0890625 0.0265625 0.0453125
1 0.9828125 0.01875 0.03125 0.0375
1 0.5640625 0.7765625 0.046875 0.053125
1 0.47421875 0.9453125 0.0625 0.05625
1 0.221875 0.9671875 0.053125 0.059375
1 0.1703125 0.990625 0.053125 0.015625
1 0.69140625 0.87421875 0.2046875 0.2484375