1 0.05078125 0.33828125 0.1015625 0.2984375
1 0.35546875 0.34765625 0.0703125 0.0671875
1 0.42734375 0.3578125 0.05625 0.0609375
1 0.5140625 0.334375 0.0484375 0.053125
2 0.70625 0.3390625 0.065625 0.065625
2 0.825 0.33125 0.05625 0.0609375
1 0.94921875 0.35234375 0.0390625 0.0453125
1 0.171875 0.56484375 0.0390625 0.0328125
2 0.265625 0.57421875 0.040625 0.0359375
2 0.1078125 0.534375 0.0390625 0.0328125
2 0.04765625 0.50546875 0.0359375 0.03125
0 0.0140625 0.51875 0.028125 0.040625
2 0.23203125 0.54765625 0.021875 0.01875
2 0.48359375 0.896875 0.2546875 0.203125