1 0.5421875 0.2625 0.0640625 0.0640625
1 0.4171875 0.2578125 0.06875 0.0671875
1 0.3265625 0.28125 0.0625 0.04375
1 0.2734375 0.2859375 0.0625 0.0671875
1 0.0296875 0.26953125 0.059375 0.0953125
1 0.121875 0.53125 0.071875 0.0796875
1 0.209375 0.459375 0.0671875 0.09375
1 0.3828125 0.51875 0.0890625 0.075
1 0.58671875 0.46015625 0.0609375 0.0859375
1 0.871875 0.365625 0.0875 0.08125
1 0.63359375 0.2390625 0.0296875 0.08125
1 0.25625 0.81875 0.34375 0.359375
1 0.92109375 0.5984375 0.0828125 0.0375
1 0.63984375 0.603125 0.0421875 0.046875