1 0.40078125 0.28359375 0.0984375 0.1046875
0 0.2015625 0.2796875 0.109375 0.1421875
1 0.05 0.4453125 0.1 0.2125
2 0.53828125 0.11484375 0.0203125 0.0453125
1 0.9796875 0.3109375 0.0375 0.1
1 0.915625 0.2046875 0.084375 0.0921875
1 0.61953125 0.290625 0.0859375 0.0921875
1 0.51875 0.61796875 0.0625 0.0359375
1 0.44140625 0.6203125 0.1203125 0.040625
1 0.296875 0.61328125 0.071875 0.0265625
1 0.16484375 0.6234375 0.0765625 0.046875
1 0.0953125 0.7203125 0.115625 0.1078125
1 0.0890625 0.60703125 0.059375 0.0140625
1 0.9578125 0.85546875 0.059375 0.065625
1 0.89140625 0.84296875 0.05 0.05
1 0.8421875 0.7640625 0.04375 0.0453125
0 0.9296875 0.72734375 0.0359375 0.0390625
1 0.98671875 0.69296875 0.0234375 0.0265625
1 0.73203125 0.8078125 0.0671875 0.0625
1 0.66796875 0.7578125 0.0421875 0.0484375
1 0.5734375 0.7390625 0.0234375 0.0453125
1 0.63671875 0.6703125 0.0359375 0.040625
1 0.7296875 0.6453125 0.03125 0.03125
1 0.88203125 0.65625 0.0234375 0.0328125
1 0.96640625 0.621875 0.0203125 0.0234375