2 0.06328125 0.13515625 0.0671875 0.078125
1 0.22421875 0.0421875 0.1421875 0.084375
1 0.68125 0.04453125 0.0875 0.0890625
1 0.1640625 0.84140625 0.0609375 0.0671875
1 0.21484375 0.821875 0.046875 0.0484375
1 0.27578125 0.9484375 0.05625 0.059375
1 0.3359375 0.80234375 0.034375 0.046875
1 0.3703125 0.80546875 0.0484375 0.05625
1 0.4234375 0.81875 0.046875 0.0484375
1 0.46328125 0.83359375 0.046875 0.0546875
1 0.50625 0.83984375 0.021875 0.0671875
1 0.10703125 0.8078125 0.0390625 0.0453125
1 0.28671875 0.8140625 0.0375 0.040625
1 0.175 0.80078125 0.040625 0.040625
2 0.77890625 0.73984375 0.265625 0.3109375