1 0.1109375 0.28125 0.0640625 0.059375
1 0.1859375 0.27265625 0.065625 0.06875
1 0.24765625 0.33671875 0.046875 0.053125
1 0.503125 0.06953125 0.15 0.1390625
1 0.63515625 0.06328125 0.1171875 0.125
1 0.88828125 0.08203125 0.15625 0.1609375
1 0.15546875 0.84921875 0.2078125 0.221875
1 0.390625 0.8703125 0.015625 0.071875
1 0.0234375 0.7734375 0.046875 0.065625
1 0.471875 0.4421875 0.0625 0.046875
1 0.7265625 0.6046875 0.0765625 0.0859375
1 0.7609375 0.47890625 0.034375 0.0359375
1 0.7703125 0.5515625 0.034375 0.0359375
2 0.884375 0.5921875 0.078125 0.075
2 0.990625 0.521875 0.015625 0.065625