1 0.03203125 0.221875 0.0640625 0.115625
1 0.15234375 0.221875 0.140625 0.1515625
1 0.2953125 0.16328125 0.1046875 0.115625
1 0.109375 0.015625 0.078125 0.03125
1 0.66953125 0.19453125 0.1171875 0.11875
2 0.428125 0.22109375 0.078125 0.1046875
2 0.5171875 0.1234375 0.0546875 0.0734375
1 0.18359375 0.55859375 0.0765625 0.0796875
1 0.3328125 0.62109375 0.0640625 0.06875
1 0.11875 0.92734375 0.1453125 0.1375
1 0.3453125 0.921875 0.084375 0.0875
1 0.2984375 0.54453125 0.071875 0.0796875
2 0.01484375 0.515625 0.0296875 0.03125
1 0.57890625 0.7109375 0.2765625 0.328125