1 0.35 0.0390625 0.059375 0.0609375
1 0.3234375 0.01015625 0.028125 0.0203125
1 0.29296875 0.00234375 0.0234375 0.0046875
1 0.22734375 0.009375 0.0140625 0.015625
1 0.2546875 0.02421875 0.0203125 0.0203125
1 0.24140625 0.071875 0.0390625 0.04375
1 0.20546875 0.05625 0.0234375 0.03125
1 0.16015625 0.0703125 0.0640625 0.0625
1 0.121875 0.1765625 0.0734375 0.0828125
0 0.11015625 0.03828125 0.0140625 0.0140625
1 0.753125 0.09765625 0.078125 0.08125
1 0.625 0.19609375 0.0640625 0.0703125
1 0.50078125 0.078125 0.071875 0.0640625
1 0.63828125 0.1140625 0.0734375 0.0796875
1 0.60859375 0.0125 0.0328125 0.025
1 0.73046875 0.01796875 0.0515625 0.0359375
2 0.91015625 0.01328125 0.0453125 0.0265625
1 0.4 0.52421875 0.096875 0.1546875
1 0.30703125 0.54921875 0.1328125 0.1375
1 0.15859375 0.52421875 0.121875 0.140625
1 0.1265625 0.31875 0.1171875 0.115625
2 0.32734375 0.296875 0.1046875 0.09375
1 0.59453125 0.44296875 0.2234375 0.225