2 0.2625 0.16953125 0.2421875 0.265625
2 0.8953125 0.4375 0.20625 0.28125
2 0.0328125 0.75859375 0.065625 0.1046875
2 0.44296875 0.90234375 0.0703125 0.1046875
1 0.30859375 0.89765625 0.115625 0.1203125
0 0.98125 0.76484375 0.0296875 0.034375
1 0.93515625 0.66953125 0.0359375 0.0546875
1 0.82890625 0.69140625 0.0296875 0.05
1 0.84296875 0.725 0.0296875 0.040625
1 0.6921875 0.7390625 0.0375 0.0421875
1 0.64453125 0.7484375 0.0359375 0.0421875
1 0.5828125 0.79140625 0.0203125 0.0265625
1 0.53359375 0.76640625 0.040625 0.0421875