2 0.08828125 0.021875 0.0734375 0.04375
1 0.2109375 0.02265625 0.08125 0.0453125
1 0.44453125 0.05546875 0.075 0.078125
2 0.51796875 0.040625 0.0703125 0.0734375
2 0.62734375 0.0421875 0.1015625 0.084375
1 0.93125 0.02890625 0.134375 0.0578125
1 0.54296875 0.709375 0.0484375 0.078125
1 0.2390625 0.6296875 0.078125 0.08125
1 0.45078125 0.7015625 0.05625 0.06875
1 0.4 0.72421875 0.0546875 0.0359375
1 0.01640625 0.71953125 0.0328125 0.0796875
1 0.0921875 0.728125 0.05625 0.0640625
1 0.7984375 0.58984375 0.3359375 0.315625