2 0.4765625 0.0203125 0.0328125 0.0265625
1 0.2859375 0.01796875 0.034375 0.0359375
1 0.184375 0.015625 0.0375 0.03125
1 0.02265625 0.0140625 0.0453125 0.028125
2 0.590625 0.02265625 0.0265625 0.0234375
1 0.621875 0.8484375 0.071875 0.109375
1 0.32265625 0.86796875 0.146875 0.1421875
1 0.45859375 0.73828125 0.109375 0.121875
1 0.2453125 0.67421875 0.096875 0.1078125
1 0.11796875 0.68125 0.096875 0.090625
1 0.3421875 0.675 0.0703125 0.0859375
2 0.5453125 0.75546875 0.071875 0.0796875
2 0.0703125 0.803125 0.1390625 0.134375
1 0.93203125 0.803125 0.1328125 0.271875