1 0.0296875 0.0125 0.04375 0.025
1 0.16796875 0.01875 0.0390625 0.0375
1 0.42578125 0.028125 0.0609375 0.05625
1 0.4421875 0.18125 0.046875 0.040625
1 0.5984375 0.0578125 0.01875 0.059375
1 0.91953125 0.2640625 0.1578125 0.140625
1 0.6359375 0.09296875 0.053125 0.1859375
1 0.7765625 0.103125 0.1234375 0.0890625
1 0.69765625 0.04453125 0.046875 0.059375
1 0.9203125 0.00859375 0.025 0.0171875
1 0.2859375 0.79765625 0.2015625 0.2171875
1 0.6859375 0.83359375 0.153125 0.1953125
0 0.934375 0.78671875 0.0734375 0.08125