1 0.31640625 0.1578125 0.075 0.078125
2 0.2515625 0.23046875 0.03125 0.0359375
1 0.18203125 0.215625 0.021875 0.021875
1 0.14296875 0.2109375 0.0234375 0.034375
1 0.046875 0.17734375 0.09375 0.0984375
1 0.12421875 0.24921875 0.0234375 0.025
1 0.653125 0.21328125 0.0828125 0.090625
1 0.8171875 0.20390625 0.04375 0.0515625
1 0.72734375 0.21640625 0.040625 0.040625
1 0.17890625 0.72890625 0.1234375 0.1421875
1 0.05625 0.66171875 0.1125 0.1484375
1 0.1546875 0.53359375 0.084375 0.0484375
1 0.2796875 0.57421875 0.075 0.0828125
1 0.3328125 0.5234375 0.0625 0.028125
1 0.96484375 0.53046875 0.0234375 0.0390625
0 0.85234375 0.5359375 0.028125 0.0328125
1 0.51875 0.51328125 0.034375 0.0078125
1 0.45703125 0.53515625 0.0140625 0.0265625