1 0.0578125 0.15859375 0.090625 0.1734375
1 0.20703125 0.23125 0.1234375 0.1578125
1 0.41875 0.11640625 0.1375 0.1453125
1 0.5140625 0.26796875 0.05 0.2546875
1 0.81015625 0.271875 0.171875 0.2
1 0.95390625 0.25 0.0890625 0.2
2 0.39296875 0.66796875 0.1890625 0.0984375
2 0.5390625 0.84765625 0.0328125 0.0390625
2 0.6890625 0.84765625 0.0375 0.040625
1 0.73125 0.86875 0.05625 0.065625
2 0.58359375 0.92421875 0.0625 0.05625
1 0.5703125 0.984375 0.084375 0.028125
2 0.82734375 0.92109375 0.0453125 0.046875
1 0.87265625 0.93828125 0.06875 0.0734375