1 0.42578125 0.01640625 0.0703125 0.0328125
1 0.10234375 0.01484375 0.0828125 0.0296875
1 0.32578125 0.021875 0.0609375 0.04375
1 0.28046875 0.04140625 0.0546875 0.0375
1 0.00625 0.11484375 0.0125 0.0671875
1 0.69453125 0.1625 0.0765625 0.1125
1 0.51015625 0.159375 0.0609375 0.090625
1 0.7359375 0.2453125 0.0734375 0.0890625
1 0.778125 0.1625 0.065625 0.0796875
1 0.93046875 0.1 0.1046875 0.1
1 0.57421875 0.171875 0.0453125 0.06875
0 0.9625 0.20859375 0.071875 0.1359375
1 0.1015625 0.92109375 0.203125 0.1546875
1 0.321875 0.9375 0.196875 0.121875
1 0.4328125 0.784375 0.090625 0.2625