1 0.103125 0.37421875 0.20625 0.2859375
1 0.65625 0.09375 0.0796875 0.0890625
1 0.77265625 0.15859375 0.0578125 0.0578125
1 0.425 0.14296875 0.021875 0.025
1 0.25546875 0.58203125 0.1046875 0.1265625
1 0.98984375 0.63359375 0.0171875 0.0484375
2 0.94609375 0.66015625 0.053125 0.05
1 0.921875 0.61171875 0.05 0.053125
2 0.98359375 0.58515625 0.0296875 0.0640625
2 0.975 0.8609375 0.046875 0.09375
2 0.9171875 0.91171875 0.0875 0.0984375
1 0.80546875 0.93828125 0.1125 0.11875
1 0.83671875 0.7390625 0.075 0.08125
1 0.8515625 0.646875 0.0703125 0.059375
2 0.86953125 0.553125 0.0421875 0.0421875
1 0.77421875 0.54765625 0.0515625 0.0578125
1 0.7875 0.578125 0.0359375 0.0515625
1 0.728125 0.540625 0.05 0.04375
2 0.61640625 0.54296875 0.0734375 0.0484375
1 0.75 0.6890625 0.0640625 0.0671875
1 0.7421875 0.7875 0.071875 0.065625
1 0.646875 0.7078125 0.0734375 0.08125
2 0.7 0.88203125 0.0515625 0.065625
2 0.74609375 0.91015625 0.0546875 0.09375
1 0.56015625 0.91875 0.103125 0.1046875
1 0.5625 0.72265625 0.078125 0.078125
1 0.48515625 0.83984375 0.0640625 0.090625
1 0.5421875 0.6328125 0.0578125 0.059375
1 0.453125 0.6859375 0.065625 0.0703125
2 0.5578125 0.53984375 0.04375 0.040625
2 0.47421875 0.53984375 0.0515625 0.0421875
1 0.37421875 0.6625 0.075 0.0546875
2 0.32890625 0.7859375 0.0390625 0.08125