2 0.00390625 0.2265625 0.0078125 0.065625
1 0.20859375 0.184375 0.0703125 0.065625
2 0.39453125 0.13203125 0.0921875 0.0921875
2 0.61796875 0.071875 0.0203125 0.05
0 0.86328125 0.13125 0.128125 0.1453125
2 0.93515625 0.20078125 0.0734375 0.1078125
1 0.01171875 0.74140625 0.0234375 0.0421875
1 0.1609375 0.6359375 0.0625 0.0625
1 0.2359375 0.6375 0.05625 0.05625
1 0.35 0.64140625 0.0625 0.06875
1 0.5046875 0.6328125 0.0515625 0.059375
1 0.60546875 0.60546875 0.0453125 0.0703125
1 0.70859375 0.52890625 0.1578125 0.3359375