1 0.3390625 0.02421875 0.10625 0.0484375
2 0.7515625 0.3203125 0.0296875 0.04375
2 0.8453125 0.3015625 0.034375 0.04375
2 0.903125 0.375 0.046875 0.046875
2 0.99375 0.3453125 0.009375 0.028125
2 0.96796875 0.34609375 0.0234375 0.0265625
2 0.9328125 0.3484375 0.028125 0.0328125
2 0.91328125 0.3171875 0.0265625 0.0265625
1 0.490625 0.8109375 0.1140625 0.1171875
1 0.2921875 0.696875 0.103125 0.10625
1 0.11015625 0.7 0.0734375 0.071875
2 0.60546875 0.52421875 0.1109375 0.1109375
1 0.709375 0.5234375 0.115625 0.109375
2 0.85078125 0.5296875 0.1515625 0.121875
1 0.884375 0.79921875 0.16875 0.0984375
1 0.95078125 0.66171875 0.0953125 0.1703125