1 0.26484375 0.265625 0.0109375 0.0625
1 0.33046875 0.28203125 0.0515625 0.0578125
1 0.51328125 0.23984375 0.059375 0.0640625
1 0.45546875 0.2109375 0.0359375 0.0390625
1 0.5234375 0.196875 0.03125 0.03125
1 0.56328125 0.21875 0.05 0.0453125
1 0.58671875 0.196875 0.0234375 0.0375
1 0.63203125 0.32734375 0.0546875 0.059375
1 0.63359375 0.2015625 0.0359375 0.0390625
1 0.68125 0.19140625 0.0359375 0.04375
1 0.7140625 0.1921875 0.05 0.053125
1 0.77109375 0.19765625 0.0453125 0.05
1 0.8109375 0.20859375 0.05625 0.0625
1 0.87421875 0.21015625 0.0640625 0.06875
1 0.8640625 0.12421875 0.0359375 0.046875
1 0.91640625 0.14375 0.0484375 0.05
2 0.95703125 0.13671875 0.04375 0.040625
1 0.9859375 0.128125 0.025 0.03125
1 0.27421875 0.89140625 0.0296875 0.0515625
1 0.58203125 0.81796875 0.0875 0.0875
1 0.646875 0.98984375 0.071875 0.0171875
1 0.825 0.80234375 0.075 0.0765625
1 0.9359375 0.75546875 0.046875 0.0359375