1 0.3671875 0.353125 0.096875 0.103125
2 0.91171875 0.5546875 0.0453125 0.040625
2 0.89765625 0.4171875 0.0390625 0.040625
2 0.99296875 0.353125 0.0109375 0.0375
2 0.88671875 0.32421875 0.04375 0.040625
2 0.98671875 0.26875 0.0234375 0.040625
2 0.88828125 0.26640625 0.0359375 0.0265625
2 0.85234375 0.23203125 0.0328125 0.03125
2 0.98671875 0.178125 0.0234375 0.034375
2 0.96015625 0.146875 0.0265625 0.0234375
2 0.8453125 0.15390625 0.0359375 0.0359375
2 0.940625 0.06953125 0.03125 0.03125
2 0.8515625 0.07734375 0.0359375 0.0359375
2 0.834375 0.034375 0.0328125 0.028125
2 0.6640625 0.06640625 0.01875 0.025
1 0.58984375 0.0546875 0.0203125 0.0265625
2 0.60625 0.075 0.03125 0.028125
2 0.6 0.109375 0.028125 0.028125
1 0.61875 0.17109375 0.028125 0.0265625
2 0.58125 0.20078125 0.0203125 0.0265625
2 0.60234375 0.2328125 0.0234375 0.0296875
2 0.5953125 0.2875 0.03125 0.0328125
2 0.6171875 0.34453125 0.0390625 0.0359375
2 0.58359375 0.38828125 0.0296875 0.0296875
2 0.578125 0.5015625 0.01875 0.028125
2 0.58203125 0.546875 0.015625 0.0265625
1 0.45625 0.91484375 0.221875 0.1671875
1 0.95078125 0.91015625 0.0953125 0.1765625
2 0.59453125 0.79296875 0.0515625 0.1140625