1 0.20625 0.30234375 0.040625 0.0484375
2 0.35703125 0.321875 0.028125 0.0328125
2 0.40390625 0.446875 0.0296875 0.065625
2 0.4390625 0.43203125 0.0625 0.0734375
2 0.6 0.36171875 0.109375 0.121875
2 0.95546875 0.52578125 0.0859375 0.0640625
1 0.12578125 0.68515625 0.0609375 0.0515625
2 0.28125 0.634375 0.0359375 0.0390625
2 0.3765625 0.6671875 0.021875 0.046875
2 0.4203125 0.58046875 0.053125 0.0421875
1 0.39296875 0.8734375 0.0078125 0.103125
1 0.44609375 0.803125 0.071875 0.090625
0 0.49609375 0.7515625 0.0578125 0.0828125
1 0.6078125 0.59140625 0.059375 0.0640625
1 0.86171875 0.5703125 0.0671875 0.021875
1 0.7125 0.9171875 0.071875 0.084375
1 0.8734375 0.79140625 0.075 0.071875
1 0.92578125 0.84921875 0.078125 0.084375