1 0.0890625 0.4765625 0.178125 0.203125
1 0.959375 0.15859375 0.078125 0.0890625
1 0.7078125 0.14296875 0.0984375 0.1
1 0.5203125 0.02421875 0.1 0.0484375
2 0.89609375 0.09609375 0.0546875 0.0578125
2 0.63125 0.0984375 0.0375 0.0453125
1 0.825 0.98984375 0.0625 0.0171875
1 0.390625 0.86015625 0.059375 0.059375
1 0.346875 0.7390625 0.034375 0.04375
1 0.509375 0.8828125 0.0578125 0.0546875
1 0.646875 0.8671875 0.0578125 0.0546875
1 0.83046875 0.8375 0.0328125 0.0578125
1 0.86875 0.8296875 0.059375 0.0625
1 0.9375 0.83125 0.053125 0.0578125
1 0.9359375 0.69609375 0.046875 0.046875
1 0.8015625 0.71484375 0.0421875 0.0453125
1 0.72265625 0.703125 0.046875 0.046875
1 0.59296875 0.73984375 0.0546875 0.046875
1 0.49296875 0.7421875 0.053125 0.046875
1 0.35078125 0.5984375 0.0421875 0.0375
1 0.421875 0.596875 0.046875 0.034375
1 0.59296875 0.5875 0.0390625 0.015625