1 0.16015625 0.1796875 0.09375 0.090625
1 0.26015625 0.0828125 0.0703125 0.090625
1 0.38359375 0.0953125 0.0484375 0.071875
1 0.04609375 0.06875 0.0921875 0.084375
2 0.0078125 0.078125 0.015625 0.090625
1 0.76953125 0.5 0.1078125 0.075
1 0.58125 0.50703125 0.090625 0.0609375
2 0.4609375 0.51171875 0.040625 0.0515625
1 0.36953125 0.546875 0.0421875 0.015625
1 0.13359375 0.58125 0.0828125 0.0734375
1 0.8484375 0.61953125 0.121875 0.14375
1 0.6125 0.71328125 0.0953125 0.103125
1 0.4890625 0.81015625 0.0578125 0.0640625
1 0.42578125 0.8546875 0.0328125 0.046875