1 0.3625 0.0359375 0.0671875 0.0625
0 0.03359375 0.01875 0.0453125 0.0375
1 0.14296875 0.0359375 0.0390625 0.071875
1 0.5421875 0.0484375 0.0265625 0.03125
2 0.5 0.40546875 0.04375 0.0109375
1 0.54375 0.4890625 0.05 0.04375
1 0.5015625 0.5546875 0.046875 0.04375
1 0.5265625 0.6703125 0.0515625 0.0515625
1 0.15234375 0.40859375 0.0515625 0.0171875
2 0.1640625 0.4796875 0.0421875 0.034375
2 0.26875 0.5703125 0.04375 0.046875
1 0.178125 0.703125 0.05 0.0265625
1 0.97578125 0.41171875 0.0453125 0.0234375
1 0.884375 0.5109375 0.0546875 0.0515625
1 0.72109375 0.4078125 0.0390625 0.015625
1 0.68203125 0.421875 0.0484375 0.04375
1 0.621875 0.428125 0.0546875 0.0546875