1 0.34609375 0.16953125 0.0234375 0.0390625
1 0.259375 0.2640625 0.059375 0.05625
1 0.284375 0.13125 0.025 0.0265625
1 0.259375 0.1421875 0.0171875 0.0171875
1 0.2453125 0.1734375 0.0265625 0.021875
1 0.221875 0.11875 0.0140625 0.0171875
1 0.1375 0.1546875 0.0265625 0.021875
1 0.159375 0.246875 0.0296875 0.0265625
1 0.084375 0.1484375 0.01875 0.03125
1 0.0421875 0.1671875 0.03125 0.034375
1 0.0546875 0.234375 0.0421875 0.071875
1 0.115625 0.1 0.0171875 0.01875
1 0.1578125 0.103125 0.021875 0.01875
1 0.0078125 0.13359375 0.015625 0.0203125
1 0.8046875 0.1671875 0.0421875 0.05
1 0.7734375 0.0859375 0.0296875 0.046875
1 0.6984375 0.1015625 0.0390625 0.0546875
2 0.61875 0.0984375 0.034375 0.0390625
0 0.5796875 0.1109375 0.0421875 0.0546875
1 0.4640625 0.0953125 0.0390625 0.0421875
1 0.3765625 0.1265625 0.034375 0.04375
2 0.2890625 0.77265625 0.1375 0.3140625
1 0.60625 0.534375 0.0421875 0.04375
1 0.496875 0.496875 0.04375 0.05