1 0.21796875 0.30390625 0.1640625 0.1828125
2 0.02890625 0.471875 0.0578125 0.171875
1 0.7640625 0.31796875 0.2359375 0.240625
1 0.62734375 0.1015625 0.0546875 0.1
1 0.590625 0.8859375 0.015625 0.04375
1 0.51328125 0.89765625 0.04375 0.05
2 0.45859375 0.86875 0.0296875 0.0296875
2 0.42421875 0.84375 0.0421875 0.040625
2 0.32734375 0.8796875 0.0484375 0.046875
1 0.1828125 0.92265625 0.0578125 0.0671875
0 0.14609375 0.8890625 0.025 0.0390625
2 0.084375 0.89375 0.046875 0.0484375
0 0.02421875 0.8921875 0.0484375 0.05
1 0.75859375 0.871875 0.0484375 0.0546875
1 0.65234375 0.9140625 0.040625 0.040625