1 0.97421875 0.39296875 0.0484375 0.0703125
2 0.896875 0.3015625 0.0671875 0.06875
2 0.99296875 0.2234375 0.0109375 0.046875
1 0.97109375 0.2671875 0.046875 0.0546875
1 0.975 0.3078125 0.046875 0.05
1 0.9734375 0.17734375 0.015625 0.03125
1 0.9125 0.17734375 0.0203125 0.0265625
1 0.8546875 0.1625 0.0296875 0.03125
0 0.8296875 0.2328125 0.046875 0.0453125
2 0.85390625 0.29140625 0.0296875 0.053125
1 0.79609375 0.346875 0.0671875 0.0609375
1 0.79765625 0.2359375 0.0296875 0.040625
2 0.79296875 0.16640625 0.0203125 0.0265625
1 0.7859375 0.41796875 0.03125 0.0203125
1 0.7375 0.33125 0.0546875 0.046875
1 0.72109375 0.19140625 0.0234375 0.0546875
1 0.6703125 0.92890625 0.075 0.0984375
1 0.5625 0.89375 0.071875 0.065625
1 0.3296875 0.58515625 0.0640625 0.059375
1 0.12890625 0.5109375 0.059375 0.06875
1 0.76953125 0.8203125 0.1203125 0.284375