1 0.4015625 0.1140625 0.071875 0.0796875
1 0.1921875 0.16328125 0.0515625 0.0484375
1 0.1171875 0.16953125 0.0859375 0.09375
1 0.9875 0.2953125 0.021875 0.078125
1 0.88671875 0.2625 0.0578125 0.065625
1 0.74296875 0.35859375 0.0296875 0.028125
1 0.62265625 0.3546875 0.021875 0.0234375
1 0.584375 0.35 0.0390625 0.0421875
1 0.55390625 0.3203125 0.0296875 0.05
1 0.10859375 0.8609375 0.2171875 0.275
1 0.7484375 0.79375 0.090625 0.103125
1 0.5734375 0.828125 0.06875 0.103125
2 0.98359375 0.809375 0.0296875 0.059375