2 0.10625 0.53125 0.11875 0.1203125
2 0.0375 0.38828125 0.075 0.0828125
1 0.02421875 0.27578125 0.0484375 0.0578125
1 0.1015625 0.265625 0.090625 0.0953125
1 0.16875 0.25390625 0.040625 0.046875
2 0.23515625 0.29296875 0.09375 0.0984375
1 0.303125 0.44375 0.1140625 0.1078125
1 0.4015625 0.42734375 0.0859375 0.0828125
1 0.49765625 0.42578125 0.0390625 0.1296875
1 0.45703125 0.3140625 0.04375 0.08125
2 0.31875 0.26484375 0.065625 0.0765625
0 0.4140625 0.23984375 0.0703125 0.0703125
2 0.1734375 0.1625 0.05625 0.05625
1 0.1359375 0.17265625 0.0359375 0.046875
1 0.08515625 0.134375 0.0421875 0.0421875
1 0.0109375 0.17265625 0.021875 0.0703125
0 0.0359375 0.16875 0.034375 0.0421875
1 0.159375 0.08359375 0.0265625 0.0265625
1 0.20859375 0.1265625 0.021875 0.0265625
1 0.2265625 0.16796875 0.0453125 0.046875
1 0.371875 0.2421875 0.040625 0.05625
1 0.3421875 0.18203125 0.0375 0.034375
1 0.296875 0.153125 0.0375 0.03125
1 0.3390625 0.14921875 0.0421875 0.03125
1 0.296875 0.0921875 0.025 0.0296875
1 0.25625 0.09453125 0.0125 0.021875
1 0.35859375 0.1078125 0.021875 0.0265625
1 0.37421875 0.1265625 0.0296875 0.0265625
2 0.44296875 0.134375 0.0375 0.0421875
1 0.475 0.18125 0.04375 0.0515625
1 0.46640625 0.221875 0.04375 0.046875
1 0.48125 0.0921875 0.0125 0.0296875
1 0.553125 0.34453125 0.06875 0.2171875
1 0.7671875 0.35859375 0.15 0.1921875
1 0.94609375 0.31953125 0.1046875 0.1921875
1 0.165625 0.88046875 0.278125 0.2359375