1 0.19609375 0.2359375 0.13125 0.1515625
1 0.059375 0.121875 0.10625 0.1125
1 0.01171875 0.07578125 0.0234375 0.0734375
1 0.3546875 0.171875 0.0515625 0.06875
1 0.64765625 0.29375 0.2546875 0.228125
1 0.34453125 0.94609375 0.0703125 0.0953125
1 0.40703125 0.875 0.0203125 0.08125
1 0.32734375 0.70859375 0.028125 0.0296875
2 0.27421875 0.66640625 0.0234375 0.0328125
1 0.12578125 0.7265625 0.0296875 0.025
2 0.08203125 0.7359375 0.0421875 0.04375
2 0.06796875 0.803125 0.034375 0.059375
2 0.0515625 0.7265625 0.0328125 0.0328125
0 0.79140625 0.6125 0.4140625 0.40625