1 0.025 0.10234375 0.021875 0.028125
1 0.07265625 0.09921875 0.025 0.028125
2 0.01171875 0.121875 0.0234375 0.03125
2 0.0109375 0.15625 0.021875 0.03125
2 0.0109375 0.24921875 0.021875 0.0296875
1 0.0515625 0.3109375 0.034375 0.0328125
2 0.07890625 0.340625 0.0390625 0.0421875
2 0.09375 0.284375 0.0375 0.0359375
2 0.06640625 0.278125 0.028125 0.0328125
2 0.071875 0.16796875 0.0203125 0.0234375
2 0.090625 0.184375 0.0328125 0.0328125
2 0.13515625 0.11640625 0.028125 0.0296875
2 0.13203125 0.20234375 0.0328125 0.0328125
2 0.1796875 0.2015625 0.028125 0.025
2 0.17265625 0.26875 0.034375 0.0328125
2 0.13828125 0.371875 0.0328125 0.028125
2 0.07421875 0.4421875 0.0328125 0.0125
2 0.16875 0.39140625 0.0390625 0.0390625
2 0.1671875 0.146875 0.0296875 0.028125
2 0.21015625 0.13515625 0.0203125 0.0265625
2 0.203125 0.10078125 0.0234375 0.021875
2 0.26796875 0.125 0.025 0.025
2 0.240625 0.14140625 0.0265625 0.0203125
2 0.26640625 0.1734375 0.0328125 0.025
2 0.246875 0.23203125 0.0375 0.0296875
2 0.271875 0.22109375 0.015625 0.028125
2 0.23359375 0.290625 0.034375 0.028125
2 0.259375 0.3234375 0.034375 0.034375
2 0.28359375 0.33125 0.0203125 0.028125
2 0.26328125 0.39140625 0.034375 0.034375
2 0.3125 0.13359375 0.01875 0.01875
1 0.54296875 0.190625 0.1078125 0.38125
1 0.88125 0.28984375 0.234375 0.3171875
1 0.1875 0.778125 0.1890625 0.2671875
1 0.5765625 0.65 0.0484375 0.0546875
1 0.68984375 0.74140625 0.046875 0.0515625
1 0.71484375 0.6640625 0.0421875 0.0390625
1 0.853125 0.65625 0.0453125 0.0546875
1 0.9515625 0.7109375 0.03125 0.0546875
1 0.990625 0.73359375 0.015625 0.0609375