1 0.70078125 0.215625 0.0546875 0.190625
1 0.6390625 0.10546875 0.178125 0.2109375
1 0.2328125 0.05859375 0.109375 0.1171875
1 0.0171875 0.00390625 0.034375 0.0078125
1 0.52109375 0.86796875 0.090625 0.1015625
1 0.409375 0.8453125 0.125 0.1359375
2 0.01015625 0.86953125 0.0203125 0.0578125
1 0.90234375 0.9171875 0.125 0.1171875
1 0.9578125 0.64453125 0.08125 0.1015625
1 0.83359375 0.6328125 0.071875 0.084375
1 0.7703125 0.83359375 0.08125 0.0953125
1 0.75078125 0.7234375 0.0421875 0.103125
1 0.77890625 0.61640625 0.0796875 0.0546875