1 0.09921875 0.421875 0.1984375 0.221875
1 0.91015625 0.1546875 0.0921875 0.0890625
1 0.65390625 0.184375 0.1015625 0.103125
2 0.83125 0.10625 0.05625 0.059375
2 0.5796875 0.15390625 0.021875 0.0484375
2 0.5515625 0.73828125 0.03125 0.0453125
2 0.21015625 0.62734375 0.0359375 0.0171875
2 0.21171875 0.73203125 0.0375 0.028125
2 0.20234375 0.78984375 0.046875 0.046875
2 0.23203125 0.77578125 0.0171875 0.028125
2 0.115625 0.63828125 0.0296875 0.0375
2 0.0828125 0.671875 0.0375 0.0375
2 0.03984375 0.675 0.034375 0.0375
2 0.05703125 0.81171875 0.0328125 0.0375
1 0.89609375 0.92890625 0.2046875 0.1390625