1 0.41875 0.22890625 0.0546875 0.0625
1 0.225 0.2859375 0.0859375 0.090625
1 0.04296875 0.2265625 0.084375 0.0796875
1 0.01015625 0.26015625 0.0203125 0.0921875
1 0.93671875 0.153125 0.0765625 0.065625
1 0.8046875 0.1390625 0.065625 0.0703125
1 0.69765625 0.33359375 0.08125 0.078125
1 0.7375 0.134375 0.053125 0.053125
1 0.6796875 0.0609375 0.0484375 0.05
0 0.7625 0.01875 0.040625 0.0375
1 0.8765625 0.0453125 0.040625 0.0484375
1 0.8796875 0.0046875 0.028125 0.009375
1 0.57421875 0.115625 0.071875 0.06875
1 0.50625 0.07265625 0.0453125 0.053125
1 0.31484375 0.76640625 0.2078125 0.2109375
1 0.58203125 0.6796875 0.2265625 0.18125