0 0.2125 0.07421875 0.059375 0.0578125
0 0.00625 0.09140625 0.0125 0.0546875
1 0.5671875 0.13984375 0.0984375 0.10625
2 0.409375 0.6578125 0.0671875 0.071875
2 0.3421875 0.71953125 0.065625 0.0578125
2 0.3328125 0.81015625 0.0703125 0.075
2 0.2859375 0.63671875 0.0625 0.071875
2 0.190625 0.77734375 0.0796875 0.0875
1 0.08046875 0.7875 0.09375 0.10625
2 0.01171875 0.63984375 0.0234375 0.0734375
2 0.0515625 0.62578125 0.0578125 0.053125
1 0.96328125 0.65234375 0.0703125 0.0859375
1 0.51015625 0.85390625 0.1015625 0.1140625
2 0.746875 0.66484375 0.0890625 0.0984375
2 0.7234375 0.528125 0.09375 0.078125