2 0.44375 0.26953125 0.140625 0.1359375
1 0.5109375 0.4140625 0.134375 0.06875
1 0.359375 0.3953125 0.121875 0.10625
1 0.20703125 0.39140625 0.1515625 0.1140625
2 0.13046875 0.2515625 0.1203125 0.1015625
1 0.01875 0.3125 0.0375 0.128125
1 0.5328125 0.9390625 0.090625 0.11875
1 0.33515625 0.840625 0.1484375 0.1453125
1 0.17578125 0.90625 0.14375 0.1703125
1 0.0203125 0.7 0.040625 0.109375
1 0.915625 0.47578125 0.0625 0.0515625
1 0.79765625 0.48125 0.0671875 0.0625
1 0.6921875 0.46171875 0.05625 0.0234375
1 0.596875 0.50625 0.034375 0.096875
2 0.6234375 0.4921875 0.0390625 0.053125