1 0.359375 0.03671875 0.0625 0.059375
1 0.07265625 0.35 0.0484375 0.071875
1 0.86640625 0.13515625 0.121875 0.1453125
1 0.9796875 0.04296875 0.0375 0.0859375
1 0.71171875 0.06015625 0.0484375 0.0671875
2 0.05390625 0.7171875 0.0265625 0.0328125
2 0.11171875 0.70859375 0.03125 0.0328125
1 0.16171875 0.7328125 0.0421875 0.0453125
1 0.246875 0.69609375 0.046875 0.0578125
2 0.26015625 0.7078125 0.01875 0.0328125
1 0.31171875 0.70703125 0.0421875 0.05
2 0.34609375 0.725 0.0203125 0.028125
1 0.37421875 0.72578125 0.040625 0.0421875
1 0.50546875 0.7265625 0.0453125 0.0453125
1 0.76875 0.58671875 0.171875 0.1359375