1 0.33125 0.3265625 0.034375 0.0625
1 0.14453125 0.3734375 0.0828125 0.0875
0 0.49375 0.25234375 0.1875 0.2046875
1 0.91875 0.96875 0.0390625 0.0453125
1 0.88125 0.94609375 0.025 0.03125
1 0.80703125 0.98046875 0.0375 0.034375
1 0.7640625 0.93515625 0.028125 0.034375
1 0.825 0.91875 0.0203125 0.0234375
1 0.5984375 0.97265625 0.0234375 0.0234375
1 0.7078125 0.934375 0.0203125 0.0203125
1 0.51015625 0.98515625 0.015625 0.0234375
1 0.553125 0.97421875 0.01875 0.015625
1 0.415625 0.965625 0.028125 0.028125