1 0.00859375 0.23828125 0.0171875 0.0484375
1 0.0546875 0.290625 0.059375 0.0625
1 0.0890625 0.22265625 0.0328125 0.0328125
1 0.184375 0.23125 0.0375 0.0390625
1 0.55390625 0.325 0.1484375 0.1875
1 0.9375 0.22109375 0.121875 0.1140625
1 0.66796875 0.42578125 0.0765625 0.1265625
1 0.53359375 0.96953125 0.0671875 0.0578125
1 0.396875 0.89921875 0.059375 0.059375
1 0.57421875 0.77265625 0.05 0.046875
1 0.44453125 0.778125 0.040625 0.0421875
1 0.278125 0.921875 0.0578125 0.0546875
1 0.140625 0.90625 0.0578125 0.0546875
1 0.06484375 0.7421875 0.046875 0.046875
1 0.19453125 0.77890625 0.0546875 0.046875
1 0.29453125 0.78125 0.053125 0.046875
1 0.52890625 0.63359375 0.0296875 0.0453125
1 0.4375 0.63046875 0.0421875 0.05
1 0.365625 0.63359375 0.0453125 0.0375
1 0.2515625 0.6078125 0.04375 0.0375
1 0.19609375 0.61171875 0.0390625 0.0453125
1 0.08359375 0.59921875 0.0390625 0.0203125
1 0.0109375 0.60703125 0.021875 0.0359375
1 0.98984375 0.89296875 0.0171875 0.0484375
1 0.946875 0.9015625 0.0375 0.0453125
1 0.83515625 0.8765625 0.0375 0.0453125
1 0.75546875 0.89453125 0.034375 0.040625
1 0.64453125 0.88203125 0.0296875 0.0421875
1 0.66640625 0.83359375 0.034375 0.040625
1 0.79140625 0.828125 0.0328125 0.04375
1 0.940625 0.796875 0.0296875 0.04375
1 0.9671875 0.75 0.0328125 0.0359375
1 0.90078125 0.75625 0.0328125 0.03125
1 0.8328125 0.7515625 0.0328125 0.0359375
1 0.74453125 0.7453125 0.0390625 0.0375
1 0.6375 0.76953125 0.015625 0.0296875