1 0.48359375 0.09453125 0.0296875 0.0609375
1 0.4109375 0.12421875 0.046875 0.0515625
1 0.22578125 0.1 0.0578125 0.065625
1 0.17421875 0.08359375 0.04375 0.0453125
1 0.1203125 0.21328125 0.0546875 0.0578125
1 0.05234375 0.07109375 0.03125 0.0453125
1 0.02109375 0.07578125 0.0421875 0.0546875
1 0.28125 0.0640625 0.0359375 0.04375
1 0.10234375 0.0796875 0.0359375 0.0390625
1 0.2125 0.06015625 0.0390625 0.0390625
1 0.82265625 0.2453125 0.0984375 0.1484375
1 0.6609375 0.25234375 0.1625 0.159375
1 0.48828125 0.859375 0.0203125 0.103125
1 0.32421875 0.696875 0.0671875 0.071875
1 0.2046875 0.65625 0.0765625 0.0875
1 0.95546875 0.684375 0.0859375 0.121875