1 0.584375 0.2484375 0.028125 0.05
1 0.5765625 0.40390625 0.04375 0.0671875
1 0.37421875 0.24375 0.06875 0.0578125
1 0.36015625 0.3515625 0.0640625 0.0640625
1 0.20078125 0.2390625 0.0609375 0.05625
1 0.21875 0.39453125 0.05625 0.0640625
1 0.11328125 0.23828125 0.0703125 0.0703125
1 0.0375 0.19765625 0.0515625 0.0359375
2 0.97734375 0.3796875 0.0421875 0.046875
1 0.94921875 0.334375 0.0453125 0.046875
1 0.8828125 0.47265625 0.065625 0.0734375
1 0.884375 0.37890625 0.0640625 0.0515625
2 0.8890625 0.28359375 0.0375 0.0375
1 0.79375 0.28828125 0.04375 0.0546875
1 0.81171875 0.31953125 0.03125 0.046875
1 0.746875 0.2859375 0.04375 0.046875
2 0.68671875 0.25703125 0.0390625 0.04375
2 0.6359375 0.29609375 0.0640625 0.0640625
1 0.78984375 0.43515625 0.05625 0.0609375
1 0.79609375 0.5109375 0.0671875 0.0125
1 0.690625 0.46796875 0.0640625 0.0734375
1 0.62265625 0.48828125 0.0453125 0.0578125
1 0.9421875 0.896875 0.1125 0.203125