1 0.52109375 0.2640625 0.134375 0.121875
1 0.18671875 0.39765625 0.1296875 0.1328125
1 0.62265625 0.55390625 0.0453125 0.1171875
1 0.63046875 0.278125 0.0609375 0.1
1 0.740625 0.30625 0.0703125 0.0828125
1 0.7421875 0.51796875 0.0921875 0.0921875
1 0.8078125 0.42421875 0.0765625 0.1015625
1 0.8046875 0.2890625 0.0765625 0.09375
1 0.878125 0.196875 0.0640625 0.0765625
2 0.75625 0.16015625 0.0546875 0.05625
1 0.95703125 0.3609375 0.0671875 0.0828125
1 0.9609375 0.5015625 0.075 0.11875
1 0.021875 0.8109375 0.04375 0.071875
1 0.3375 0.8734375 0.0546875 0.0609375
1 0.5140625 0.8875 0.0703125 0.0640625