1 0.596875 0.00625 0.053125 0.0125
1 0.3640625 0.025 0.0421875 0.046875
1 0.084375 0.00625 0.05 0.0125
1 0.928125 0.2515625 0.078125 0.0859375
2 0.85078125 0.16015625 0.0640625 0.0671875
1 0.659375 0.58828125 0.0796875 0.090625
1 0.484375 0.6203125 0.078125 0.0859375
1 0.3265625 0.5796875 0.0703125 0.0921875
1 0.19765625 0.5640625 0.078125 0.0734375
1 0.08203125 0.55703125 0.06875 0.06875
1 0.02890625 0.53515625 0.0359375 0.053125
2 0.4015625 0.528125 0.071875 0.065625
2 0.26015625 0.54140625 0.0453125 0.071875
1 0.9671875 0.68828125 0.04375 0.05
1 0.87578125 0.65703125 0.025 0.0453125
1 0.9484375 0.59765625 0.0375 0.0421875