1 0.10859375 0.31484375 0.2171875 0.1859375
1 0.5453125 0.0109375 0.084375 0.021875
1 0.0046875 0.68359375 0.009375 0.0359375
1 0.04765625 0.7421875 0.0171875 0.025
1 0.059375 0.596875 0.0265625 0.03125
1 0.04296875 0.56640625 0.03125 0.01875
1 0.02109375 0.48203125 0.0265625 0.025
1 0.01171875 0.43828125 0.0234375 0.0234375
1 0.04609375 0.41484375 0.0234375 0.0109375
1 0.078125 0.4328125 0.021875 0.025
1 0.0875 0.4984375 0.01875 0.021875
1 0.19765625 0.72421875 0.03125 0.03125
1 0.240625 0.775 0.034375 0.03125
1 0.19140625 0.55078125 0.025 0.021875
1 0.20078125 0.45703125 0.025 0.01875
1 0.13203125 0.44296875 0.021875 0.025
1 0.1515625 0.4234375 0.01875 0.01875
1 0.27109375 0.4515625 0.01875 0.021875
1 0.29921875 0.57578125 0.0296875 0.0296875
1 0.29609375 0.48203125 0.021875 0.025
1 0.3203125 0.509375 0.025 0.025
1 0.33359375 0.4671875 0.021875 0.025
1 0.32734375 0.5625 0.021875 0.025
1 0.51953125 0.48515625 0.1078125 0.10625
2 0.69609375 0.61328125 0.09375 0.0953125
1 0.84453125 0.5953125 0.10625 0.1109375