1 0.071875 0.10625 0.0953125 0.1171875
2 0.81328125 0.05 0.0984375 0.0765625
1 0.509375 0.33828125 0.14375 0.134375
2 0.38828125 0.05859375 0.1234375 0.1171875
2 0.31015625 0.553125 0.0421875 0.103125
1 0.0953125 0.8734375 0.190625 0.25
1 0.99140625 0.81875 0.0140625 0.025
1 0.9296875 0.83515625 0.0140625 0.015625
1 0.95625 0.85078125 0.01875 0.0203125
1 0.940625 0.8984375 0.0375 0.0421875
1 0.90625 0.88125 0.021875 0.03125
1 0.86015625 0.89453125 0.0609375 0.0609375
1 0.81796875 0.978125 0.0734375 0.040625
0 0.8109375 0.86015625 0.0140625 0.0140625
1 0.6671875 0.92578125 0.028125 0.040625
1 0.615625 0.89453125 0.021875 0.0265625
1 0.57578125 0.95234375 0.0375 0.0421875
1 0.4265625 0.978125 0.178125 0.040625