1 0.18671875 0.45703125 0.1609375 0.1015625
1 0.403125 0.31875 0.0609375 0.0609375
1 0.43984375 0.16953125 0.0640625 0.06875
1 0.41171875 0.47890625 0.0578125 0.0578125
1 0.65 0.2171875 0.0640625 0.0578125
1 0.64375 0.3171875 0.06875 0.0703125
1 0.66328125 0.43125 0.0640625 0.0703125
1 0.82421875 0.47578125 0.0578125 0.0640625
1 0.8421875 0.309375 0.0640625 0.06875
1 0.9359375 0.3046875 0.0609375 0.0765625
1 0.196875 0.92109375 0.13125 0.1546875
1 0.6296875 0.71015625 0.0453125 0.05
1 0.73984375 0.7390625 0.0375 0.0375