1 0.16640625 0.08671875 0.1 0.1234375
1 0.884375 0.12265625 0.0859375 0.09375
1 0.65703125 0.06484375 0.0734375 0.0921875
1 0.5671875 0.090625 0.08125 0.0890625
1 0.50859375 0.04375 0.0765625 0.071875
1 0.42890625 0.02578125 0.0796875 0.0515625
1 0.259375 0.96796875 0.190625 0.0609375
1 0.94609375 0.94140625 0.1046875 0.1140625
2 0.92890625 0.80625 0.0703125 0.0671875
1 0.8109375 0.8671875 0.09375 0.090625
2 0.75703125 0.77109375 0.0421875 0.0703125
1 0.6828125 0.80078125 0.1203125 0.13125
1 0.58671875 0.7875 0.096875 0.1109375
2 0.5765625 0.62421875 0.0484375 0.0515625
1 0.39921875 0.64453125 0.0203125 0.0484375
1 0.49921875 0.715625 0.0515625 0.0515625
1 0.4484375 0.76953125 0.08125 0.0875
1 0.80859375 0.63359375 0.034375 0.034375
2 0.65390625 0.63359375 0.034375 0.0421875