1 0.42265625 0.3 0.1328125 0.140625
1 0.29296875 0.2734375 0.10625 0.1140625
1 0.05703125 0.2359375 0.1140625 0.146875
0 0.8515625 0.22890625 0.053125 0.053125
2 0.5 0.91328125 0.0140625 0.0171875
1 0.43984375 0.90078125 0.01875 0.01875
1 0.39375 0.93125 0.009375 0.009375
1 0.36875 0.90859375 0.0125 0.0140625
1 0.33125 0.9046875 0.015625 0.0171875
1 0.3125 0.91015625 0.0125 0.0140625
1 0.2875 0.90703125 0.0140625 0.0125
0 0.2140625 0.9296875 0.0265625 0.0265625
1 0.08125 0.83359375 0.0265625 0.03125
1 0.6625 0.76640625 0.1875 0.2109375