1 0.425 0.29140625 0.025 0.0328125
1 0.340625 0.284375 0.0359375 0.0390625
1 0.27734375 0.30546875 0.053125 0.046875
1 0.23125 0.2578125 0.03125 0.040625
1 0.1765625 0.26015625 0.0265625 0.03125
1 0.021875 0.3140625 0.0421875 0.0484375
1 0.98046875 0.34765625 0.0359375 0.0609375
1 0.96015625 0.24375 0.040625 0.0453125
1 0.9234375 0.22109375 0.028125 0.0328125
1 0.8734375 0.190625 0.0265625 0.0234375
1 0.85 0.2515625 0.0390625 0.0328125
1 0.809375 0.2015625 0.028125 0.03125
1 0.765625 0.32265625 0.121875 0.1109375
1 0.753125 0.2 0.0265625 0.0203125
1 0.66796875 0.215625 0.0171875 0.015625
1 0.6453125 0.23359375 0.028125 0.0265625
1 0.60546875 0.2828125 0.04375 0.0453125
1 0.50546875 0.28046875 0.065625 0.0671875
1 0.53828125 0.24765625 0.0234375 0.0359375
1 0.6 0.2296875 0.01875 0.01875
1 0.46015625 0.2140625 0.028125 0.0234375
2 0.5 0.21171875 0.0140625 0.0140625
1 0.0546875 0.5453125 0.109375 0.33125
2 0.65078125 0.78046875 0.2515625 0.3