1 0.94921875 0.18125 0.0984375 0.115625
2 0.8078125 0.18671875 0.0765625 0.075
1 0.6890625 0.159375 0.084375 0.071875
1 0.58828125 0.5984375 0.0796875 0.11875
1 0.45078125 0.47421875 0.1015625 0.090625
1 0.621875 0.4546875 0.0125 0.05625
1 0.4203125 0.33828125 0.05 0.053125
1 0.26328125 0.44765625 0.0609375 0.0625
1 0.20859375 0.39921875 0.0453125 0.05625
1 0.11015625 0.38984375 0.04375 0.059375
1 0.14140625 0.49921875 0.0703125 0.0734375
1 0.08828125 0.61328125 0.0703125 0.08125
1 0.27890625 0.3265625 0.0265625 0.034375
1 0.79609375 0.63671875 0.228125 0.209375