1 0.31796875 0.2875 0.334375 0.396875
1 0.575 0.13203125 0.0453125 0.053125
1 0.5578125 0.26953125 0.0765625 0.08125
1 0.64296875 0.25546875 0.0734375 0.071875
1 0.63046875 0.41015625 0.103125 0.09375
0 0.85546875 0.3 0.10625 0.09375
2 0.65703125 0.140625 0.03125 0.03125
2 0.50546875 0.15546875 0.0109375 0.0546875
1 0.13828125 0.9078125 0.0859375 0.0859375
2 0.3625 0.9171875 0.090625 0.1
2 0.38359375 0.771875 0.09375 0.09375
2 0.36171875 0.56796875 0.078125 0.05625
1 0.709375 0.93203125 0.1375 0.1328125
2 0.9125 0.91875 0.0734375 0.096875