1 0.484375 0.06640625 0.0578125 0.0578125
1 0.5234375 0.15078125 0.028125 0.0640625
2 0.3859375 0.05625 0.05 0.053125
1 0.4515625 0.14921875 0.0734375 0.0828125
2 0.20703125 0.12890625 0.040625 0.0515625
2 0.240625 0.17109375 0.0640625 0.0640625
1 0.28125 0.284375 0.0828125 0.0890625
1 0.11640625 0.06875 0.0640625 0.0734375
1 0.01796875 0.28515625 0.0359375 0.0796875
1 0.8921875 0.259375 0.121875 0.115625
1 0.78828125 0.07734375 0.1390625 0.15
1 0.13828125 0.775 0.2765625 0.290625
1 0.9265625 0.60390625 0.10625 0.0703125