1 0.1015625 0.19921875 0.0640625 0.0796875
2 0.24296875 0.18046875 0.0484375 0.1203125
1 0.284375 0.1890625 0.0234375 0.040625
0 0.396875 0.18515625 0.028125 0.0328125
1 0.42734375 0.08359375 0.034375 0.053125
1 0.53515625 0.08828125 0.028125 0.0484375
1 0.5265625 0.1234375 0.028125 0.0390625
1 0.67734375 0.1140625 0.0359375 0.040625
1 0.72578125 0.11640625 0.0328125 0.040625
1 0.79375 0.1484375 0.01875 0.0265625
1 0.8390625 0.11640625 0.0390625 0.040625
1 0.91328125 0.1265625 0.03125 0.0359375
1 0.94921875 0.1265625 0.0265625 0.0390625
1 0.21875 0.73125 0.096875 0.34375
1 0.31328125 0.63828125 0.0890625 0.1109375
1 0.53828125 0.6296875 0.1109375 0.1140625
1 0.74921875 0.6484375 0.084375 0.0859375
1 0.8421875 0.6609375 0.10625 0.1015625