1 0.32578125 0.3078125 0.1078125 0.1578125
1 0.55625 0.2234375 0.021875 0.115625
1 0.51640625 0.0359375 0.0703125 0.071875
1 0.203125 0.03984375 0.090625 0.0796875
1 0.01640625 0.10078125 0.0328125 0.1171875
1 0.88515625 0.209375 0.2265625 0.35625
1 0.02265625 0.87421875 0.0453125 0.0578125
1 0.0359375 0.66640625 0.0234375 0.0390625
1 0.11875 0.6703125 0.0359375 0.0421875
2 0.028125 0.7328125 0.03125 0.0453125
2 0.0046875 0.74609375 0.009375 0.0515625
1 0.36875 0.64765625 0.059375 0.0171875
1 0.478125 0.66640625 0.065625 0.0546875