1 0.528125 0.0171875 0.08125 0.034375
1 0.728125 0.02109375 0.10625 0.0421875
1 0.3125 0.678125 0.103125 0.1046875
1 0.01015625 0.5921875 0.0140625 0.01875
1 0.0421875 0.5859375 0.01875 0.01875
1 0.14765625 0.6015625 0.015625 0.025
2 0.11875 0.58046875 0.0234375 0.025
1 0.2046875 0.58671875 0.01875 0.025
1 0.26484375 0.5921875 0.0203125 0.0265625
1 0.42421875 0.60390625 0.015625 0.025
1 0.4640625 0.59609375 0.00625 0.0203125
1 0.59765625 0.7921875 0.0859375 0.171875
1 0.73828125 0.8796875 0.1171875 0.153125
1 0.946875 0.7875 0.103125 0.140625