1 0.0359375 0.0734375 0.0375 0.0515625
1 0.1875 0.146875 0.04375 0.05625
1 0.2421875 0.06875 0.0390625 0.0515625
1 0.3625 0.128125 0.0375 0.0421875
1 0.45625 0.1640625 0.034375 0.0515625
1 0.5546875 0.2296875 0.0390625 0.075
1 0.2859375 0.0453125 0.0421875 0.0546875
0 0.8421875 0.2140625 0.13125 0.1390625
0 0.1953125 0.5328125 0.30625 0.30625
1 0.6359375 0.6046875 0.053125 0.10625
1 0.753125 0.659375 0.0765625 0.1046875
1 0.9453125 0.575 0.0671875 0.0796875
1 0.97734375 0.77578125 0.0421875 0.1203125