1 0.3828125 0.37421875 0.0921875 0.0921875
1 0.7390625 0.4828125 0.08125 0.05
1 0.55546875 0.2796875 0.0453125 0.0484375
1 0.63203125 0.19453125 0.0390625 0.0390625
1 0.65859375 0.2796875 0.0359375 0.0453125
1 0.73125 0.2078125 0.03125 0.028125
1 0.825 0.2140625 0.0390625 0.040625
1 0.8015625 0.35546875 0.0390625 0.04375
1 0.934375 0.46328125 0.10625 0.0890625
1 0.98515625 0.234375 0.0265625 0.0375
2 0.89765625 0.24140625 0.0390625 0.040625
2 0.68671875 0.4125 0.0484375 0.0484375
1 0.12890625 0.6890625 0.0609375 0.05625
1 0.33359375 0.62578125 0.05625 0.065625
1 0.60390625 0.69375 0.0828125 0.0796875
1 0.65546875 0.61015625 0.0921875 0.0796875