1 0.14921875 0.47421875 0.2984375 0.3265625
1 0.56875 0.025 0.05625 0.05
1 0.26171875 0.95859375 0.0734375 0.0796875
1 0.25390625 0.846875 0.0890625 0.096875
1 0.146875 0.68671875 0.034375 0.0421875
1 0.05234375 0.79609375 0.0984375 0.1109375
0 0.015625 0.65234375 0.03125 0.0265625
1 0.96953125 0.7765625 0.0296875 0.034375
1 0.88671875 0.77265625 0.0359375 0.0453125
1 0.7546875 0.71171875 0.0328125 0.0375
1 0.8546875 0.75 0.0140625 0.015625
1 0.8078125 0.7453125 0.01875 0.0203125
1 0.65859375 0.715625 0.0203125 0.0140625
1 0.5953125 0.71875 0.0328125 0.0328125
1 0.40390625 0.703125 0.1921875 0.128125
2 0.5703125 0.6875 0.015625 0.0203125