1 0.03828125 0.134375 0.0640625 0.0671875
1 0.12734375 0.121875 0.0546875 0.0578125
2 0.3171875 0.15 0.0734375 0.0734375
0 0.634375 0.08359375 0.18125 0.1671875
1 0.03515625 0.9453125 0.03125 0.0375
1 0.2640625 0.978125 0.040625 0.040625
2 0.09765625 0.96171875 0.0375 0.0421875
2 0.47421875 0.675 0.1296875 0.128125
1 0.6234375 0.5296875 0.103125 0.021875
1 0.8046875 0.575 0.115625 0.1125
2 0.7328125 0.72265625 0.1046875 0.0984375
1 0.83671875 0.82734375 0.1140625 0.1078125
1 0.94140625 0.64296875 0.103125 0.1046875