1 0.390625 0.30703125 0.078125 0.0890625
1 0.221875 0.365625 0.0765625 0.084375
1 0.06015625 0.35078125 0.06875 0.0921875
2 0.12578125 0.28828125 0.071875 0.0640625
2 0.00625 0.32265625 0.0125 0.0734375
1 0.96796875 0.3109375 0.0609375 0.1375
2 0.853125 0.071875 0.146875 0.14375
1 0.73125 0.0734375 0.1140625 0.134375
2 0.59140625 0.07734375 0.1515625 0.1546875
1 0.5609375 0.3640625 0.1625 0.1
1 0.509375 0.22578125 0.059375 0.1703125
2 0.184375 0.8 0.259375 0.328125
2 0.77578125 0.60390625 0.046875 0.046875
2 0.76328125 0.896875 0.0421875 0.046875