1 0.66640625 0.2828125 0.0421875 0.059375
1 0.521875 0.24375 0.0375 0.04375
1 0.40625 0.25 0.0390625 0.034375
1 0.259375 0.24453125 0.0265625 0.034375
1 0.221875 0.253125 0.021875 0.0296875
1 0.7921875 0.01484375 0.128125 0.0296875
1 0.7828125 0.19375 0.1265625 0.11875
1 0.0453125 0.4484375 0.065625 0.0375
1 0.246875 0.45546875 0.05 0.0515625
1 0.18046875 0.51953125 0.03125 0.034375
0 0.41328125 0.46171875 0.0578125 0.0640625
2 0.6765625 0.528125 0.021875 0.059375
2 0.65625 0.4859375 0.0375 0.0390625
2 0.5265625 0.49140625 0.04375 0.0390625
2 0.2890625 0.46875 0.0421875 0.0421875
2 0.16640625 0.4390625 0.0484375 0.01875
0 0.70390625 0.6953125 0.0296875 0.075