1 0.38671875 0.15703125 0.0453125 0.05
1 0.32265625 0.1359375 0.0375 0.0390625
1 0.2703125 0.11484375 0.0296875 0.03125
1 0.20234375 0.16640625 0.0484375 0.0484375
1 0.04921875 0.1609375 0.0484375 0.0484375
1 0.1890625 0.10703125 0.0265625 0.025
1 0.56640625 0.4015625 0.2328125 0.30625
1 0.05078125 0.9171875 0.0984375 0.1140625
1 0.18671875 0.88984375 0.0859375 0.0890625
1 0.271875 0.95390625 0.096875 0.0890625
1 0.9171875 0.8921875 0.065625 0.065625
1 0.81796875 0.8375 0.0859375 0.09375
1 0.6609375 0.8734375 0.0359375 0.046875
1 0.58359375 0.8328125 0.08125 0.0890625
1 0.4765625 0.9109375 0.053125 0.071875