1 0.06171875 0.35234375 0.0921875 0.0875
1 0.325 0.24453125 0.065625 0.0859375
1 0.63671875 0.08515625 0.0734375 0.0765625
1 0.77109375 0.175 0.0609375 0.065625
1 0.50234375 0.434375 0.1390625 0.13125
1 0.7484375 0.4765625 0.1265625 0.0796875
1 0.88671875 0.04765625 0.0671875 0.0609375
1 0.9671875 0.05625 0.0625 0.078125
1 0.75234375 0.09375 0.06875 0.0765625
1 0.65234375 0.01015625 0.0484375 0.0203125
2 0.47421875 0.0125 0.0421875 0.025
1 0.1234375 0.72890625 0.078125 0.0390625
1 0.3328125 0.7765625 0.05 0.06875
1 0.2859375 0.79921875 0.053125 0.034375
1 0.37109375 0.86015625 0.0234375 0.0921875
1 0.4453125 0.85234375 0.0875 0.1015625
1 0.64375 0.78125 0.1 0.115625
1 0.80546875 0.84296875 0.0859375 0.0890625
1 0.97421875 0.840625 0.0484375 0.09375