1 0.44453125 0.35859375 0.3015625 0.2984375
1 0.94296875 0.0140625 0.0546875 0.028125
1 0.690625 0.0484375 0.0453125 0.0484375
2 0.77265625 0.39765625 0.0453125 0.0359375
1 0.32734375 0.75625 0.2109375 0.2859375
1 0.9328125 0.8453125 0.03125 0.0328125
1 0.871875 0.96484375 0.0328125 0.0328125
1 0.90234375 0.81015625 0.0265625 0.03125
2 0.90390625 0.73046875 0.01875 0.021875
1 0.925 0.690625 0.0203125 0.025
1 0.8296875 0.7375 0.0203125 0.025
1 0.81328125 0.85546875 0.03125 0.03125
1 0.7796875 0.92109375 0.028125 0.0359375
1 0.81015625 0.91328125 0.03125 0.0359375
1 0.728125 0.98046875 0.01875 0.025
1 0.7140625 0.8359375 0.028125 0.0328125
1 0.73046875 0.80546875 0.03125 0.0203125
1 0.75078125 0.7203125 0.028125 0.0265625
1 0.84140625 0.671875 0.028125 0.0265625
1 0.965625 0.603125 0.021875 0.0171875
2 0.97734375 0.58125 0.01875 0.021875
2 0.9203125 0.6109375 0.0265625 0.0265625
2 0.88359375 0.5984375 0.01875 0.01875
1 0.815625 0.61640625 0.021875 0.021875
1 0.8359375 0.578125 0.025 0.0234375
1 0.91875 0.51171875 0.01875 0.0046875
1 0.85703125 0.55390625 0.0171875 0.01875
1 0.78046875 0.5515625 0.01875 0.0171875
1 0.9421875 0.57265625 0.0171875 0.01875
1 0.76171875 0.67578125 0.025 0.0234375
1 0.72421875 0.64453125 0.0234375 0.0265625
1 0.69296875 0.671875 0.0234375 0.025
1 0.684375 0.73828125 0.01875 0.021875
1 0.66640625 0.58203125 0.01875 0.01875
1 0.675 0.51484375 0.01875 0.0109375