2 0.23359375 0.01328125 0.0296875 0.0265625
1 0.296875 0.00625 0.059375 0.0125
1 0.56328125 0.05234375 0.0578125 0.0578125
1 0.4875 0.11875 0.0578125 0.0625
2 0.66015625 0.06796875 0.0484375 0.0515625
1 0.57265625 0.140625 0.0734375 0.0828125
2 0.81484375 0.184375 0.0390625 0.05
2 0.77109375 0.21640625 0.0625 0.0625
1 0.70234375 0.315625 0.08125 0.0875
1 0.91796875 0.15 0.0625 0.0734375
1 0.96875 0.36484375 0.059375 0.0265625
1 0.0296875 0.48203125 0.059375 0.0859375
1 0.49296875 0.50625 0.0609375 0.0578125
1 0.64140625 0.54296875 0.0578125 0.065625
1 0.8234375 0.8015625 0.0453125 0.0640625