1 0.82890625 0.1734375 0.096875 0.096875
2 0.68203125 0.0984375 0.0640625 0.06875
1 0.00859375 0.7390625 0.0171875 0.046875
1 0.02734375 0.70859375 0.025 0.0328125
1 0.1078125 0.725 0.0375 0.0359375
1 0.1390625 0.67109375 0.028125 0.034375
1 0.07578125 0.66953125 0.021875 0.0234375
1 0.20703125 0.78984375 0.11875 0.1375
1 0.309375 0.6703125 0.025 0.025
1 0.19453125 0.6578125 0.0203125 0.0203125
1 0.35546875 0.7140625 0.0421875 0.04375
1 0.45390625 0.69375 0.0640625 0.0703125
1 0.39765625 0.6625 0.0171875 0.0234375
1 0.35390625 0.66171875 0.01875 0.015625
1 0.4859375 0.621875 0.028125 0.028125
1 0.60703125 0.6375 0.0265625 0.021875
1 0.56484375 0.6234375 0.0109375 0.0140625
1 0.603125 0.6 0.015625 0.015625
1 0.63203125 0.61015625 0.0140625 0.0140625
1 0.95703125 0.61015625 0.0828125 0.1953125