1 0.31953125 0.26328125 0.1359375 0.121875
1 0.6140625 0.06484375 0.0828125 0.090625
1 0.7015625 0.00546875 0.01875 0.0109375
1 0.0125 0.75859375 0.025 0.0546875
1 0.08828125 0.7265625 0.0484375 0.0484375
1 0.15078125 0.73046875 0.0515625 0.0609375
1 0.28515625 0.721875 0.0515625 0.05625
1 0.303125 0.6921875 0.034375 0.059375
1 0.41171875 0.6828125 0.0296875 0.034375
1 0.478125 0.6 0.0609375 0.0703125
2 0.4375 0.68359375 0.040625 0.0515625
2 0.2109375 0.7515625 0.05 0.05625
2 0.06484375 0.76015625 0.0546875 0.0609375