2 0.45390625 0.08671875 0.0890625 0.1734375
2 0.2578125 0.0234375 0.115625 0.046875
1 0.51171875 0.0859375 0.0234375 0.040625
1 0.59921875 0.02265625 0.0609375 0.0453125
1 0.65234375 0.04453125 0.0328125 0.0328125
1 0.725 0.0546875 0.053125 0.053125
1 0.7890625 0.18671875 0.046875 0.0515625
1 0.85078125 0.04453125 0.053125 0.053125
1 0.93359375 0.0875 0.05 0.0546875
1 0.990625 0.1046875 0.015625 0.040625
1 0.19375 0.4984375 0.10625 0.059375
2 0.13828125 0.63046875 0.096875 0.0890625
1 0.2515625 0.72421875 0.1046875 0.0984375
1 0.3375 0.5296875 0.09375 0.096875
1 0.9171875 0.96484375 0.059375 0.059375
1 0.9796875 0.85078125 0.0390625 0.040625
1 0.796875 0.971875 0.059375 0.053125
1 0.66171875 0.940625 0.0578125 0.0546875
1 0.5265625 0.7703125 0.040625 0.04375
1 0.60625 0.76875 0.0453125 0.0453125
1 0.73046875 0.8203125 0.053125 0.046875
1 0.8296875 0.83515625 0.0515625 0.046875
1 0.98359375 0.703125 0.0296875 0.05
1 0.91875 0.696875 0.0453125 0.0359375
1 0.8078125 0.65234375 0.040625 0.0453125
1 0.7515625 0.65390625 0.0359375 0.0453125
1 0.64453125 0.615625 0.0359375 0.0453125
1 0.5625 0.6234375 0.0328125 0.040625
1 0.60625 0.56171875 0.03125 0.04375
1 0.75859375 0.54921875 0.028125 0.04375
1 0.84609375 0.57890625 0.0359375 0.0453125
1 0.9671875 0.60703125 0.0359375 0.0453125
1 0.91875 0.515625 0.0328125 0.04375
1 0.8765625 0.48359375 0.028125 0.0296875
1 0.790625 0.50546875 0.0328125 0.0359375
1 0.7234375 0.50390625 0.0328125 0.03125
1 0.65703125 0.490625 0.0328125 0.0359375
1 0.5703125 0.48125 0.040625 0.025