1 0.04765625 0.3 0.0953125 0.140625
1 0.2359375 0.19765625 0.1609375 0.171875
1 0.48515625 0.165625 0.1453125 0.1875
1 0.93125 0.234375 0.134375 0.28125
1 0.14375 0.878125 0.28125 0.240625
2 0.59296875 0.96328125 0.0671875 0.0703125
1 0.58359375 0.71171875 0.04375 0.0515625
2 0.6546875 0.740625 0.103125 0.1078125
1 0.74296875 0.88046875 0.125 0.11875
1 0.83828125 0.85 0.09375 0.090625
1 0.953125 0.828125 0.090625 0.14375
1 0.87734375 0.73046875 0.0515625 0.0859375
2 0.73359375 0.70078125 0.0734375 0.0828125
0 0.825 0.66328125 0.0765625 0.0765625
2 0.9515625 0.62890625 0.0703125 0.071875
2 0.58359375 0.6203125 0.0484375 0.0625
1 0.56328125 0.54375 0.0078125 0.03125
1 0.60546875 0.5796875 0.025 0.0296875
1 0.62890625 0.61796875 0.0484375 0.0515625
1 0.78359375 0.67109375 0.0453125 0.0609375
1 0.7453125 0.61640625 0.0421875 0.0390625
1 0.696875 0.59375 0.040625 0.0359375
1 0.73828125 0.58359375 0.0453125 0.0359375
1 0.6875 0.53359375 0.028125 0.0328125
1 0.64765625 0.54140625 0.015625 0.0234375
1 0.7515625 0.53984375 0.025 0.0296875
1 0.76953125 0.55625 0.0328125 0.0296875
2 0.83828125 0.55390625 0.0421875 0.046875
1 0.8765625 0.596875 0.0484375 0.05625
1 0.8734375 0.63828125 0.046875 0.0515625
1 0.8703125 0.5078125 0.015625 0.03125
1 0.93125 0.5046875 0.021875 0.0265625
1 0.9859375 0.4890625 0.025 0.034375
2 0.98828125 0.6171875 0.0203125 0.05625