1 0.375 0.446875 0.246875 0.390625
1 0.61484375 0.23125 0.075 0.078125
1 0.76171875 0.2984375 0.0609375 0.0671875
1 0.55390625 0.5984375 0.1078125 0.134375
1 0.78671875 0.60078125 0.128125 0.0828125
1 0.85625 0.15546875 0.06875 0.0609375
1 0.93671875 0.15 0.065625 0.0765625
1 0.7296875 0.22109375 0.0703125 0.0765625
1 0.73359375 0.1046875 0.028125 0.04375
1 0.615625 0.1390625 0.0484375 0.05
1 0.98515625 0.07890625 0.0265625 0.0484375
1 0.35625 0.69375 0.121875 0.05
1 0.5921875 0.9859375 0.071875 0.025
1 0.65703125 0.97421875 0.0671875 0.0484375
1 0.85 0.93125 0.0640625 0.05625
1 0.875 0.97890625 0.075 0.0390625
1 0.96171875 0.965625 0.059375 0.0546875