1 0.21328125 0.009375 0.0703125 0.01875
1 0.37734375 0.04375 0.0859375 0.0875
1 0.51796875 0.05703125 0.0796875 0.0984375
1 0.63671875 0.040625 0.0984375 0.08125
1 0.684375 0.015625 0.071875 0.03125
1 0.8296875 0.046875 0.09375 0.09375
1 0.075 0.48671875 0.0578125 0.059375
1 0.20625 0.53359375 0.034375 0.0359375
2 0.246875 0.5265625 0.0375 0.0390625
2 0.259375 0.5828125 0.034375 0.0296875
0 0.3140625 0.55234375 0.0375 0.046875
1 0.4234375 0.55390625 0.0265625 0.0296875
1 0.44765625 0.6140625 0.0375 0.046875
1 0.54296875 0.628125 0.0296875 0.05625
2 0.14765625 0.5609375 0.0296875 0.0265625
1 0.9640625 0.64453125 0.06875 0.0859375
1 0.81328125 0.6421875 0.0734375 0.0734375
1 0.653125 0.65859375 0.0515625 0.0625
1 0.60234375 0.65078125 0.0453125 0.05