1 0.496875 0.26015625 0.003125 0.0171875
1 0.465625 0.2546875 0.015625 0.01875
1 0.44609375 0.25859375 0.0140625 0.015625
1 0.42109375 0.2546875 0.015625 0.0140625
0 0.346875 0.2734375 0.028125 0.028125
1 0.21953125 0.1703125 0.028125 0.0328125
1 0.0890625 0.14453125 0.028125 0.034375
1 0.9171875 0.0859375 0.134375 0.134375
1 0.634375 0.05390625 0.196875 0.1078125
1 0.2296875 0.678125 0.084375 0.0890625
1 0.38515625 0.859375 0.0328125 0.0375
1 0.45703125 0.8765625 0.025 0.03125
1 0.421875 0.89453125 0.028125 0.0296875
1 0.0546875 0.834375 0.0296875 0.0328125
2 0.06015625 0.91796875 0.021875 0.0265625
1 0.58984375 0.678125 0.1796875 0.4375