1 0.303125 0.15 0.028125 0.1125
1 0.23515625 0.359375 0.1609375 0.196875
1 0.13515625 0.46484375 0.140625 0.215625
1 0.95546875 0.43828125 0.071875 0.0671875
1 0.80625 0.33671875 0.065625 0.053125
1 0.76171875 0.3875 0.075 0.065625
1 0.81640625 0.1421875 0.059375 0.059375
1 0.82578125 0.04921875 0.065625 0.0546875
1 0.6765625 0.18828125 0.05 0.053125
1 0.64921875 0.05390625 0.0546875 0.0578125
1 0.56328125 0.05703125 0.059375 0.059375
1 0.38984375 0.29609375 0.0703125 0.046875
1 0.4203125 0.1109375 0.0625 0.053125
1 0.4859375 0.021875 0.046875 0.04375
1 0.1375 0.75 0.1265625 0.14375
1 0.5109375 0.73984375 0.384375 0.1421875