1 0.08984375 0.23828125 0.1796875 0.2390625
1 0.97265625 0.34921875 0.0390625 0.0171875
1 0.9359375 0.25234375 0.0421875 0.046875
1 0.896875 0.20546875 0.0375 0.0375
1 0.82578125 0.225 0.0453125 0.0421875
1 0.77890625 0.21796875 0.034375 0.0328125
1 0.675 0.19140625 0.034375 0.040625
1 0.60859375 0.1921875 0.0375 0.040625
1 0.528125 0.14921875 0.0375 0.0375
2 0.9328125 0.203125 0.0296875 0.0296875
2 0.71328125 0.2015625 0.034375 0.0421875
2 0.85078125 0.20546875 0.0375 0.040625
1 0.38046875 0.7375 0.0546875 0.0484375
1 0.3203125 0.6921875 0.0203125 0.0234375
2 0.24921875 0.671875 0.0328125 0.040625
2 0.153125 0.6890625 0.03125 0.0453125
1 0.1 0.65625 0.0171875 0.028125
1 0.06015625 0.66015625 0.0203125 0.0234375
2 0.79609375 0.796875 0.0984375 0.1203125
2 0.61484375 0.69921875 0.1671875 0.1703125