1 0.27265625 0.35 0.2703125 0.234375
1 0.85625 0.1609375 0.1078125 0.1125
1 0.57421875 0.0890625 0.0734375 0.084375
2 0.3828125 0.975 0.01875 0.0265625
2 0.23984375 0.9640625 0.015625 0.028125
2 0.15078125 0.9640625 0.0234375 0.03125
2 0.059375 0.95078125 0.0265625 0.028125
2 0.00390625 0.96328125 0.0078125 0.0296875
1 0.92109375 0.76015625 0.0421875 0.0421875
1 0.78515625 0.80078125 0.0375 0.0390625
1 0.60390625 0.77421875 0.021875 0.040625
1 0.4859375 0.8234375 0.0328125 0.0265625
1 0.43828125 0.784375 0.034375 0.040625