1 0.1171875 0.25625 0.15 0.1421875
2 0.25859375 0.0234375 0.1296875 0.046875
2 0.34921875 0.19453125 0.0578125 0.1234375
2 0.328125 0.4875 0.1 0.109375
1 0.45234375 0.0375 0.0984375 0.075
1 0.70625 0.07421875 0.1078125 0.1078125
1 0.92421875 0.0171875 0.1078125 0.034375
2 0.534375 0.00859375 0.0625 0.0171875
2 0.79140625 0.05 0.0421875 0.0484375
1 0.06015625 0.840625 0.065625 0.071875
1 0.359375 0.78671875 0.0375 0.0703125
1 0.18828125 0.7265625 0.0734375 0.0671875
1 0.26796875 0.7421875 0.0703125 0.08125
1 0.04921875 0.7578125 0.075 0.08125
1 0.0828125 0.64609375 0.03125 0.0453125
1 0.340625 0.68828125 0.0453125 0.05
2 0.4515625 0.6171875 0.0875 0.075
2 0.64921875 0.6359375 0.0875 0.0890625
2 0.85 0.7046875 0.0796875 0.078125
2 0.98203125 0.7296875 0.0328125 0.075