1 0.696875 0.0953125 0.134375 0.1625
2 0.78515625 0.10703125 0.075 0.0703125
1 0.8921875 0.04375 0.059375 0.0546875
1 0.2453125 0.54453125 0.346875 0.2703125
2 0.9921875 0.71953125 0.0125 0.0421875
2 0.975 0.6265625 0.0328125 0.03125
2 0.9703125 0.5484375 0.0359375 0.0359375
2 0.97734375 0.471875 0.0359375 0.0359375
2 0.9609375 0.42890625 0.0328125 0.028125
2 0.78984375 0.4578125 0.01875 0.0265625
1 0.715625 0.44453125 0.0203125 0.028125
1 0.66953125 0.43203125 0.0234375 0.0265625
2 0.73203125 0.465625 0.03125 0.028125
2 0.725 0.49921875 0.028125 0.028125
1 0.7421875 0.56171875 0.028125 0.0265625
2 0.7046875 0.590625 0.0203125 0.028125
2 0.725 0.62265625 0.0234375 0.03125
2 0.7171875 0.67734375 0.03125 0.0328125
2 0.73828125 0.73515625 0.0390625 0.0359375
2 0.7015625 0.778125 0.0328125 0.028125
2 0.6859375 0.88984375 0.0359375 0.0265625
2 0.6671875 0.9453125 0.04375 0.04375
2 0.69921875 0.9359375 0.015625 0.0265625
1 0.65390625 0.64453125 0.0328125 0.03125
2 0.63515625 0.6703125 0.0109375 0.040625
2 0.64453125 0.609375 0.0265625 0.03125
2 0.6578125 0.50078125 0.01875 0.0234375
2 0.64140625 0.51328125 0.0234375 0.0328125