1 0.375 0.05078125 0.025 0.0390625
1 0.30390625 0.01796875 0.034375 0.0328125
1 0.17109375 0.0078125 0.0359375 0.015625
1 0.14453125 0.03828125 0.0328125 0.0328125
1 0.1984375 0.0984375 0.034375 0.0328125
1 0.3609375 0.10703125 0.0421875 0.0390625
1 0.3828125 0.159375 0.009375 0.04375
1 0.32421875 0.184375 0.0375 0.034375
1 0.321875 0.23125 0.034375 0.0421875
1 0.25859375 0.24609375 0.0359375 0.040625
1 0.24296875 0.29921875 0.0484375 0.046875
1 0.2734375 0.42578125 0.05 0.0234375
1 0.096875 0.21640625 0.0421875 0.0390625
1 0.0890625 0.11796875 0.0328125 0.034375
1 0.0234375 0.415625 0.046875 0.04375
1 0.7328125 0.24296875 0.296875 0.371875
1 0.35234375 0.640625 0.0703125 0.33125
2 0.95625 0.54375 0.084375 0.178125
1 0.8765625 0.5453125 0.1203125 0.1390625
2 0.68828125 0.5046875 0.1765625 0.13125