1 0.24765625 0.29140625 0.075 0.075
1 0.4921875 0.3640625 0.03125 0.06875
1 0.4984375 0.51640625 0.01875 0.0953125
2 0.06171875 0.3 0.0609375 0.0640625
2 0.4671875 0.4859375 0.0734375 0.075
1 0.91640625 0.39765625 0.0328125 0.034375
1 0.840625 0.50859375 0.034375 0.034375
1 0.88984375 0.359375 0.028125 0.03125
2 0.9015625 0.28046875 0.0203125 0.0234375
1 0.9265625 0.24296875 0.0203125 0.0265625
1 0.8265625 0.278125 0.0203125 0.0265625
1 0.79609375 0.39296875 0.0328125 0.0328125
1 0.7546875 0.45390625 0.0296875 0.0359375
1 0.78671875 0.45078125 0.0328125 0.0375
1 0.696875 0.50703125 0.01875 0.0265625
1 0.7 0.36171875 0.0296875 0.0328125
1 0.71953125 0.33359375 0.0328125 0.021875
1 0.75078125 0.2515625 0.028125 0.0265625
1 0.84609375 0.2140625 0.028125 0.0265625
1 0.978125 0.16171875 0.0234375 0.01875
2 0.98984375 0.140625 0.0171875 0.025
2 0.93203125 0.1640625 0.0265625 0.0265625
2 0.89765625 0.146875 0.0203125 0.0203125
1 0.828125 0.15625 0.0234375 0.0234375
1 0.853125 0.1203125 0.0265625 0.0234375
1 0.94296875 0.05625 0.01875 0.0203125
1 0.90703125 0.0359375 0.015625 0.0203125
1 0.8765625 0.09921875 0.01875 0.0203125
1 0.80078125 0.08828125 0.0203125 0.01875
1 0.95859375 0.128125 0.01875 0.0203125
1 0.7671875 0.20859375 0.0265625 0.0234375
1 0.73359375 0.17265625 0.0234375 0.028125
1 0.69921875 0.196875 0.0234375 0.0265625
1 0.68203125 0.2609375 0.0203125 0.0234375
1 0.54921875 0.4734375 0.034375 0.034375
1 0.515625 0.51953125 0.0125 0.0359375
1 0.5734375 0.3015625 0.0265625 0.0234375
1 0.57421875 0.2078125 0.0265625 0.0203125
1 0.64375 0.2015625 0.0234375 0.0265625
1 0.6265625 0.1796875 0.0203125 0.0203125
1 0.6234375 0.14140625 0.01875 0.0203125
1 0.68359375 0.1046875 0.0203125 0.0203125
1 0.8921875 0.015625 0.015625 0.01875
2 0.8015625 0.025 0.0140625 0.01875
1 0.77109375 0.01484375 0.0203125 0.0203125
1 0.70078125 0.03359375 0.01875 0.0203125
1 0.66015625 0.00703125 0.0171875 0.0140625
1 0.5671875 0.05625 0.01875 0.0203125
2 0.54453125 0.040625 0.01875 0.015625
1 0.54765625 0.1359375 0.0203125 0.01875
1 0.5125 0.1953125 0.00625 0.025
1 0.51640625 0.01640625 0.0140625 0.0203125
1 0.37578125 0.7953125 0.2640625 0.271875
1 0.78515625 0.96796875 0.2265625 0.0609375
1 0.6046875 0.91328125 0.190625 0.1703125