1 0.3828125 0.45078125 0.26875 0.2953125
1 0.93515625 0.31171875 0.1265625 0.2828125
1 0.4265625 0.97265625 0.146875 0.0515625
1 0.0453125 0.98515625 0.090625 0.0265625
1 0.22109375 0.8484375 0.075 0.0859375
1 0.15859375 0.81640625 0.0765625 0.078125
1 0.37109375 0.8078125 0.053125 0.0609375
1 0.321875 0.76796875 0.0625 0.0625
1 0.2953125 0.69296875 0.0421875 0.0453125
1 0.21171875 0.66953125 0.040625 0.0421875
1 0.35859375 0.68984375 0.040625 0.0421875
1 0.315625 0.65234375 0.0328125 0.0328125
1 0.24921875 0.6375 0.0375 0.0328125
1 0.15859375 0.621875 0.0375 0.028125
1 0.96875 0.709375 0.059375 0.21875