1 0.5140625 0.0328125 0.06875 0.065625
1 0.321875 0.03046875 0.08125 0.0609375
1 0.090625 0.01171875 0.06875 0.0234375
1 0.02109375 0.02734375 0.0421875 0.0546875
1 0.92734375 0.35625 0.1359375 0.13125
2 0.9390625 0.1546875 0.0640625 0.065625
1 0.99296875 0.11796875 0.0109375 0.0546875
1 0.94765625 0.03046875 0.0203125 0.025
1 0.8890625 0.01875 0.028125 0.03125
0 0.8671875 0.08984375 0.0453125 0.04375
2 0.8953125 0.14765625 0.0265625 0.053125
1 0.83984375 0.20625 0.0640625 0.0578125
1 0.8359375 0.0953125 0.028125 0.040625
2 0.82734375 0.02578125 0.0203125 0.025
1 0.834375 0.2890625 0.028125 0.04375
1 0.7671875 0.31640625 0.0828125 0.1
1 0.69453125 0.425 0.1265625 0.14375
1 0.6734375 0.14609375 0.0609375 0.065625
2 0.56484375 0.1640625 0.0265625 0.0578125
1 0.6265625 0.13359375 0.0359375 0.0578125
1 0.78125 0.19296875 0.053125 0.04375
1 0.72578125 0.11015625 0.0484375 0.0484375
1 0.74375 0.0546875 0.0453125 0.0515625
0 0.69765625 0.0390625 0.03125 0.0484375
1 0.6109375 0.0578125 0.0203125 0.03125
1 0.40625 0.8421875 0.0578125 0.0640625
1 0.93671875 0.8234375 0.1234375 0.153125
1 0.75390625 0.734375 0.0796875 0.1078125
1 0.690625 0.584375 0.040625 0.03125
1 0.58046875 0.69375 0.0609375 0.10625
2 0.80546875 0.634375 0.0484375 0.0484375