1 0.075 0.24140625 0.15 0.1921875
2 0.88359375 0.0765625 0.084375 0.1171875
1 0.05 0.9328125 0.1 0.115625
1 0.153125 0.8390625 0.0765625 0.0796875
1 0.2578125 0.79140625 0.146875 0.1609375
1 0.43828125 0.6875 0.0890625 0.1125
1 0.2359375 0.471875 0.0484375 0.0515625
1 0.3046875 0.3796875 0.0421875 0.0421875
1 0.33828125 0.4625 0.0390625 0.046875
1 0.4046875 0.38515625 0.0328125 0.0296875
1 0.496875 0.38359375 0.040625 0.0453125
1 0.4875 0.52578125 0.0421875 0.046875
2 0.378125 0.59296875 0.0515625 0.0515625
1 0.5875 0.8640625 0.1375 0.26875