1 0.73984375 0.40546875 0.0859375 0.0640625
1 0.54921875 0.40390625 0.0703125 0.0671875
1 0.46484375 0.29609375 0.0140625 0.021875
1 0.53046875 0.28828125 0.0125 0.0140625
1 0.7125 0.30546875 0.015625 0.0171875
2 0.81875 0.3171875 0.01875 0.0203125
1 0.35234375 0.35390625 0.0140625 0.01875
1 0.15078125 0.678125 0.0453125 0.0390625
1 0.25234375 0.73203125 0.0203125 0.0234375
1 0.07265625 0.69921875 0.028125 0.028125
2 0.646875 0.79140625 0.1578125 0.1703125
2 0.29609375 0.978125 0.0328125 0.040625