1 0.12734375 0.2125 0.0609375 0.05625
2 0.5265625 0.2140625 0.034375 0.084375
2 0.5328125 0.0546875 0.046875 0.053125
2 0.61171875 0.06640625 0.065625 0.0609375
1 0.6734375 0.0421875 0.0734375 0.065625
1 0.659375 0.1984375 0.090625 0.0859375
2 0.7421875 0.1421875 0.0640625 0.06875
2 0.803125 0.04296875 0.078125 0.078125
2 0.9078125 0.04140625 0.06875 0.053125
2 0.91640625 0.14765625 0.0640625 0.0609375
1 0.85078125 0.253125 0.1015625 0.103125
1 0.975 0.30390625 0.046875 0.0953125
1 0.19296875 0.91875 0.2421875 0.159375
1 0.41796875 0.78515625 0.1796875 0.3328125
1 0.815625 0.60234375 0.1921875 0.2046875