1 0.61640625 0.2546875 0.0328125 0.05625
1 0.67890625 0.2796875 0.0578125 0.0578125
1 0.78359375 0.3421875 0.06875 0.071875
1 0.96875 0.3453125 0.059375 0.0625
1 0.890625 0.26953125 0.059375 0.0578125
1 0.75234375 0.27890625 0.0296875 0.053125
1 0.80078125 0.27734375 0.0625 0.0515625
1 0.16015625 0.8640625 0.3203125 0.26875
1 0.97890625 0.7109375 0.0390625 0.059375
1 0.64453125 0.6484375 0.0890625 0.159375
1 0.93203125 0.65703125 0.046875 0.046875
1 0.87265625 0.6328125 0.0546875 0.046875
1 0.6984375 0.6171875 0.040625 0.040625
1 0.8015625 0.62109375 0.040625 0.034375
1 0.7578125 0.59921875 0.0203125 0.0265625