2 0.82890625 0.29453125 0.1015625 0.1234375
2 0.62890625 0.24375 0.171875 0.175
1 0.25546875 0.52890625 0.2828125 0.3203125
1 0.9609375 0.64453125 0.0578125 0.0625
1 0.88359375 0.68984375 0.05 0.05625
1 0.69765625 0.7015625 0.0625 0.06875
1 0.64296875 0.6953125 0.0484375 0.0484375
1 0.61484375 0.83359375 0.059375 0.0609375
1 0.52109375 0.70625 0.0359375 0.046875
1 0.48828125 0.7171875 0.05 0.0578125
1 0.44765625 0.74375 0.0359375 0.05
1 0.74453125 0.65546875 0.040625 0.046875
1 0.571875 0.70546875 0.0390625 0.0421875
1 0.6765625 0.665625 0.0421875 0.0421875