1 0.38671875 0.39375 0.0234375 0.034375
0 0.3515625 0.40546875 0.03125 0.0265625
2 0.37890625 0.44921875 0.0328125 0.0359375
1 0.3359375 0.459375 0.0390625 0.040625
1 0.29140625 0.42734375 0.0359375 0.04375
1 0.1984375 0.41015625 0.03125 0.03125
1 0.24765625 0.4796875 0.040625 0.04375
1 0.2265625 0.52890625 0.0453125 0.0515625
1 0.146875 0.40703125 0.0390625 0.040625
1 0.17578125 0.3390625 0.028125 0.0265625
1 0.2296875 0.31328125 0.0234375 0.028125
1 0.128125 0.3453125 0.0265625 0.028125
1 0.01328125 0.3015625 0.0265625 0.028125
1 0.68515625 0.140625 0.3515625 0.28125
1 0.38359375 0.64609375 0.0265625 0.0265625
1 0.22265625 0.6765625 0.0265625 0.0390625
1 0.10234375 0.6453125 0.028125 0.03125
1 0.3859375 0.72421875 0.025 0.0328125
1 0.2546875 0.725 0.03125 0.0359375
1 0.23515625 0.77109375 0.03125 0.03125
1 0.29921875 0.82109375 0.0328125 0.03125
1 0.3828125 0.95625 0.03125 0.040625
1 0.3765625 0.99375 0.04375 0.009375
1 0.2203125 0.9546875 0.040625 0.0359375
1 0.19453125 0.859375 0.03125 0.0328125
1 0.109375 0.98828125 0.040625 0.0203125
1 0.0328125 0.6953125 0.028125 0.0234375
1 0.01328125 0.73671875 0.0265625 0.0328125
1 0.0078125 0.96015625 0.015625 0.0453125
1 0.97109375 0.7984375 0.0546875 0.178125
1 0.6859375 0.83046875 0.1609375 0.1890625