2 0.5125 0.13515625 0.0703125 0.065625
2 0.31015625 0.05703125 0.03125 0.0390625
2 0.159375 0.06015625 0.0359375 0.040625
1 0.11796875 0.08125 0.0546875 0.065625
2 0.26640625 0.134375 0.0625 0.0546875
1 0.2828125 0.22265625 0.08125 0.084375
2 0.44453125 0.240625 0.0640625 0.0421875
0 0.509375 0.465625 0.071875 0.025
0 0.33359375 0.29765625 0.0796875 0.0875
0 0.165625 0.265625 0.115625 0.115625
2 0.02265625 0.1359375 0.04375 0.0453125
2 0.84609375 0.09453125 0.2421875 0.1890625
1 0.203125 0.746875 0.271875 0.334375
1 0.74296875 0.51328125 0.0578125 0.0671875