1 0.7390625 0.17890625 0.340625 0.3578125
1 0.234375 0.42734375 0.0109375 0.0140625
1 0.253125 0.43046875 0.0140625 0.015625
1 0.2921875 0.43203125 0.015625 0.015625
1 0.36015625 0.4328125 0.0296875 0.0375
1 0.33125 0.47890625 0.034375 0.0234375
1 0.1859375 0.42734375 0.03125 0.0375
1 0.48125 0.48671875 0.021875 0.0359375
1 0.53125 0.5046875 0.0453125 0.053125
1 0.6015625 0.85546875 0.065625 0.1140625
1 0.66796875 0.84296875 0.0890625 0.0921875
1 0.78203125 0.96328125 0.0921875 0.0703125
1 0.93203125 0.7421875 0.0921875 0.0984375
1 0.89765625 0.9109375 0.0890625 0.1
1 0.97109375 0.96015625 0.0546875 0.0765625