1 0.6703125 0.03359375 0.05 0.0640625
1 0.79921875 0.025 0.0515625 0.05
2 0.1046875 0.70859375 0.0203125 0.0265625
2 0.24765625 0.6890625 0.0171875 0.028125
2 0.33671875 0.684375 0.025 0.0328125
2 0.42734375 0.6671875 0.028125 0.0296875
2 0.49140625 0.675 0.025 0.0296875
1 0.56875 0.73359375 0.059375 0.0640625
1 0.54921875 0.61328125 0.01875 0.01875
1 0.5671875 0.6421875 0.0296875 0.025
1 0.58359375 0.58515625 0.015625 0.01875
1 0.671875 0.61015625 0.0296875 0.025
1 0.66171875 0.7046875 0.0328125 0.0296875
1 0.72421875 0.59765625 0.021875 0.0328125
1 0.76796875 0.6109375 0.0359375 0.0375
1 0.7640625 0.6796875 0.05 0.0765625
1 0.68671875 0.55390625 0.01875 0.0203125
1 0.6453125 0.56171875 0.0234375 0.021875
1 0.87265625 0.6015625 0.0453125 0.0390625
1 0.80234375 0.57265625 0.0234375 0.021875
1 0.89921875 0.52421875 0.015625 0.01875
1 0.884375 0.50390625 0.015625 0.015625
1 0.97265625 0.6875 0.0515625 0.15