1 0.23203125 0.40625 0.2515625 0.1625
1 0.6546875 0.2515625 0.1546875 0.1625
1 0.084375 0.54609375 0.0359375 0.0359375
1 0.13046875 0.66875 0.0484375 0.0453125
1 0.2671875 0.559375 0.0359375 0.034375
1 0.30390625 0.60546875 0.0453125 0.0484375
1 0.35859375 0.7625 0.0171875 0.065625
1 0.34765625 0.57109375 0.0390625 0.0453125
2 0.31796875 0.56171875 0.028125 0.0234375
2 0.40078125 0.6578125 0.0640625 0.1
1 0.48515625 0.71953125 0.1140625 0.1203125
1 0.52109375 0.52578125 0.0765625 0.0734375
1 0.61875 0.51328125 0.065625 0.0484375
1 0.59375 0.59765625 0.0734375 0.0671875
1 0.709375 0.55234375 0.0734375 0.08125
2 0.60234375 0.70078125 0.0515625 0.065625
2 0.55 0.71171875 0.05625 0.09375
1 0.7234375 0.78046875 0.103125 0.10625
1 0.784375 0.59453125 0.0796875 0.0796875
1 0.81953125 0.73046875 0.065625 0.0921875
1 0.834375 0.51796875 0.059375 0.0578125
1 0.9 0.59609375 0.065625 0.071875
1 0.97109375 0.6 0.0546875 0.05625
2 0.98125 0.73984375 0.034375 0.0828125