1 0.81796875 0.31328125 0.3609375 0.1703125
1 0.05546875 0.975 0.1078125 0.046875
1 0.03671875 0.80703125 0.0703125 0.0765625
1 0.03203125 0.7140625 0.0640625 0.05625
2 0.01953125 0.61953125 0.0390625 0.0421875
1 0.1125 0.61640625 0.046875 0.0578125
1 0.096875 0.64921875 0.034375 0.05
1 0.159375 0.6109375 0.046875 0.05
2 0.2171875 0.57734375 0.0421875 0.046875
2 0.27109375 0.6140625 0.0671875 0.0671875
1 0.12734375 0.7625 0.059375 0.0640625
1 0.128125 0.86171875 0.06875 0.0609375
1 0.228125 0.78828125 0.06875 0.0765625
2 0.16328125 0.95859375 0.046875 0.0625
2 0.11484375 0.96796875 0.0515625 0.0609375
1 0.30078125 0.9765625 0.0984375 0.04375
1 0.31171875 0.809375 0.075 0.075
1 0.38046875 0.93203125 0.059375 0.0890625
1 0.33828125 0.72109375 0.0546875 0.05625
1 0.4203125 0.78125 0.05625 0.06875
2 0.32421875 0.56015625 0.0546875 0.0546875
2 0.32890625 0.62734375 0.0421875 0.0375
2 0.37421875 0.571875 0.046875 0.0453125
2 0.41328125 0.628125 0.046875 0.046875
1 0.86640625 0.45859375 0.1265625 0.1171875
1 0.959375 0.4515625 0.078125 0.075
1 0.4890625 0.4359375 0.078125 0.071875
1 0.59765625 0.44921875 0.0796875 0.0578125