2 0.4625 0.0328125 0.09375 0.065625
1 0.21328125 0.06171875 0.1046875 0.1234375
1 0.98046875 0.37109375 0.0296875 0.0296875
1 0.99140625 0.34609375 0.0140625 0.0234375
1 0.99140625 0.0140625 0.0125 0.0078125
1 0.95859375 0.03046875 0.01875 0.01875
1 0.92890625 0.003125 0.0171875 0.00625
1 0.99296875 0.059375 0.0109375 0.021875
1 0.95625 0.09453125 0.0109375 0.0140625
1 0.97734375 0.12578125 0.0234375 0.0203125
1 0.91875 0.15859375 0.021875 0.021875
1 0.98671875 0.2140625 0.021875 0.028125
1 0.91875 0.1953125 0.021875 0.021875
1 0.934375 0.21640625 0.025 0.0296875
1 0.96875 0.2765625 0.021875 0.025
1 0.86015625 0.00703125 0.0171875 0.0140625
1 0.8078125 0.0015625 0.0125 0.003125
1 0.79765625 0.00390625 0.0171875 0.0078125
2 0.8203125 0.03125 0.0140625 0.015625
1 0.7640625 0.0078125 0.01875 0.015625
2 0.75703125 0.02734375 0.015625 0.01875
1 0.78125 0.0734375 0.01875 0.01875
2 0.84765625 0.05859375 0.01875 0.015625
0 0.8671875 0.07421875 0.021875 0.021875
1 0.84453125 0.1484375 0.0203125 0.0203125
1 0.86640625 0.21953125 0.025 0.025
1 0.80234375 0.20390625 0.021875 0.021875
1 0.86171875 0.30859375 0.0296875 0.025
1 0.67578125 0.015625 0.0140625 0.01875
1 0.66796875 0.03515625 0.01875 0.01875
1 0.7109375 0.08828125 0.021875 0.025
1 0.6609375 0.12890625 0.0203125 0.0203125
1 0.771875 0.2265625 0.025 0.028125
1 0.73828125 0.20625 0.025 0.025
1 0.746875 0.25 0.028125 0.025
1 0.73125 0.3015625 0.025 0.0296875
1 0.75625 0.315625 0.0296875 0.0328125
1 0.5671875 0.2359375 0.0203125 0.015625
1 0.55546875 0.20390625 0.025 0.028125
1 0.59296875 0.16640625 0.025 0.028125
1 0.5546875 0.1234375 0.021875 0.028125
1 0.60859375 0.1328125 0.025 0.025
1 0.6328125 0.1078125 0.0203125 0.0234375
1 0.57578125 0.09296875 0.0140625 0.015625
1 0.63359375 0.06640625 0.021875 0.021875
1 0.625 0.02578125 0.015625 0.01875
1 0.53515625 0.02265625 0.0109375 0.0203125
1 0.51875 0.671875 0.01875 0.1
1 0.3640625 0.4859375 0.10625 0.09375
1 0.16875 0.484375 0.059375 0.0609375
1 0.02734375 0.4734375 0.0546875 0.0625
1 0.60390625 0.52109375 0.1484375 0.1640625