1 0.70859375 0.3046875 0.0796875 0.046875
1 0.64609375 0.21640625 0.0546875 0.0484375
1 0.89375 0.15078125 0.0625 0.06875
1 0.09375 0.696875 0.078125 0.0734375
1 0.11796875 0.5953125 0.0703125 0.0609375
1 0.14453125 0.64453125 0.065625 0.078125
1 0.2171875 0.61796875 0.125 0.1171875
1 0.36171875 0.60234375 0.0734375 0.071875
2 0.32109375 0.5140625 0.0515625 0.0515625
2 0.41875 0.55625 0.0515625 0.053125
1 0.4953125 0.596875 0.078125 0.084375
1 0.55390625 0.69921875 0.0671875 0.1140625
1 0.5625 0.56640625 0.05 0.0578125
1 0.53203125 0.4890625 0.05625 0.053125
0 0.91796875 0.5265625 0.1609375 0.20625