1 0.434375 0.0453125 0.021875 0.021875
2 0.375 0.09921875 0.025 0.028125
1 0.37578125 0.15625 0.0296875 0.0296875
1 0.328125 0.153125 0.021875 0.0296875
1 0.42421875 0.22890625 0.028125 0.025
1 0.3625 0.2265625 0.0328125 0.03125
2 0.3703125 0.29609375 0.0296875 0.0296875
1 0.39296875 0.39296875 0.0296875 0.025
2 0.31796875 0.33046875 0.025 0.0296875
1 0.27578125 0.046875 0.01875 0.0171875
2 0.30703125 0.06015625 0.01875 0.0171875
1 0.29375 0.08125 0.0203125 0.0203125
2 0.25 0.0796875 0.021875 0.021875
1 0.2390625 0.15703125 0.021875 0.025
2 0.2140625 0.1875 0.0203125 0.021875
0 0.19765625 0.2625 0.03125 0.0328125
1 0.21953125 0.30234375 0.034375 0.034375
1 0.1390625 0.40078125 0.0375 0.0328125
1 0.2 0.01484375 0.0203125 0.0203125
1 0.1296875 0.00703125 0.021875 0.0140625
2 0.1765625 0.0328125 0.021875 0.025
2 0.21796875 0.06171875 0.0203125 0.021875
1 0.14921875 0.06640625 0.025 0.025
1 0.165625 0.12265625 0.025 0.0203125
1 0.0609375 0.075 0.021875 0.025
1 0.08828125 0.1109375 0.028125 0.021875
1 0.1421875 0.1828125 0.021875 0.028125
1 0.06953125 0.15234375 0.025 0.028125
1 0.10390625 0.290625 0.0296875 0.0328125
1 0.09140625 0.3421875 0.0296875 0.0328125
1 0.06171875 0.346875 0.03125 0.034375
1 0.00625 0.39453125 0.0125 0.0296875
1 0.015625 0.25234375 0.0296875 0.0296875
1 0.03515625 0.22734375 0.0296875 0.0234375
1 0.01640625 0.009375 0.0265625 0.01875
1 0.02421875 0.09609375 0.021875 0.028125
1 0.00859375 0.15859375 0.0171875 0.0265625
2 0.684375 0.0828125 0.284375 0.165625
1 0.434375 0.67578125 0.046875 0.1078125
1 0.2828125 0.675 0.075 0.08125
1 0.06796875 0.6640625 0.053125 0.05
1 0.0203125 0.65 0.040625 0.096875
1 0.81171875 0.62421875 0.3203125 0.325