1 0.065625 0.04140625 0.071875 0.0828125
1 0.17421875 0.07109375 0.065625 0.1046875
1 0.12734375 0.25 0.0984375 0.06875
1 0.28046875 0.2203125 0.115625 0.1078125
1 0.42734375 0.15078125 0.0875 0.0875
1 0.46953125 0.046875 0.0703125 0.09375
1 0.65078125 0.08125 0.096875 0.1109375
1 0.7015625 0.0625 0.0609375 0.0828125
1 0.8109375 0.33125 0.121875 0.1625
2 0.4875 0.92578125 0.30625 0.1453125
1 0.96484375 0.82109375 0.0609375 0.0703125
1 0.9546875 0.70390625 0.0796875 0.04375
0 0.8359375 0.703125 0.0328125 0.03125