1 0.02421875 0.16484375 0.0484375 0.1421875
1 0.14296875 0.07578125 0.096875 0.103125
1 0.22578125 0.04296875 0.0703125 0.065625
1 0.34453125 0.0421875 0.0828125 0.0828125
1 0.42578125 0.08515625 0.0828125 0.1109375
2 0.52890625 0.0453125 0.078125 0.0796875
2 0.73671875 0.08515625 0.0703125 0.0703125
2 0.89296875 0.0890625 0.06875 0.0640625
1 0.0203125 0.8359375 0.040625 0.109375
1 0.2171875 0.64375 0.103125 0.109375
1 0.5140625 0.8171875 0.0125 0.0140625
1 0.48828125 0.83515625 0.0171875 0.01875
1 0.50703125 0.88125 0.0359375 0.040625
1 0.540625 0.86171875 0.0203125 0.0296875
1 0.58671875 0.87109375 0.0578125 0.05625
1 0.6375 0.96640625 0.06875 0.0640625
0 0.63359375 0.834375 0.0125 0.0125
1 0.78203125 0.8890625 0.0265625 0.0390625
1 0.83125 0.8546875 0.0203125 0.025
1 0.875 0.909375 0.0359375 0.040625