0 0.9296875 0.2875 0.1375 0.159375
1 0.66875 0.253125 0.159375 0.228125
1 0.5328125 0.51796875 0.109375 0.1609375
1 0.1875 0.60234375 0.1484375 0.14375
1 0.36171875 0.44765625 0.146875 0.140625
1 0.984375 0.48203125 0.028125 0.0671875
1 0.834375 0.4640625 0.059375 0.059375
2 0.91875 0.5046875 0.0734375 0.0765625
2 0.890625 0.61953125 0.046875 0.053125
2 0.9484375 0.74609375 0.090625 0.090625
2 0.978125 0.85 0.040625 0.08125
1 0.95 0.96484375 0.096875 0.0671875
2 0.81484375 0.87578125 0.146875 0.115625
2 0.834375 0.6859375 0.096875 0.0875
2 0.803125 0.52734375 0.075 0.0546875
2 0.71015625 0.54453125 0.06875 0.0640625
1 0.64765625 0.52421875 0.0765625 0.06875
1 0.66953125 0.67890625 0.0953125 0.090625
2 0.60390625 0.62734375 0.0296875 0.0734375