1 0.0140625 0.34296875 0.028125 0.0703125
1 0.2015625 0.35546875 0.084375 0.0453125
1 0.38671875 0.3421875 0.0609375 0.071875
2 0.44375 0.04140625 0.0484375 0.046875
1 0.5875 0.0875 0.059375 0.06875
0 0.62421875 0.05390625 0.0265625 0.040625
2 0.68671875 0.06015625 0.046875 0.0484375
0 0.7484375 0.06015625 0.0484375 0.0484375
1 0.9125 0.065625 0.0640625 0.0734375
1 0.84296875 0.04296875 0.0296875 0.0328125
1 0.80625 0.0859375 0.028125 0.0296875
1 0.0625 0.73984375 0.0640625 0.06875
1 0.2484375 0.9359375 0.0296875 0.0328125
2 0.296875 0.89765625 0.0390625 0.0421875
2 0.39921875 0.921875 0.0359375 0.059375
1 0.44453125 0.52734375 0.0515625 0.1171875