1 0.38203125 0.34765625 0.0703125 0.0796875
2 0.32109375 0.4203125 0.03125 0.0359375
1 0.2515625 0.40703125 0.0234375 0.0234375
1 0.21171875 0.40234375 0.0234375 0.0359375
1 0.11171875 0.3703125 0.1015625 0.0984375
1 0.19375 0.440625 0.0234375 0.0265625
1 0.98203125 0.1453125 0.0328125 0.034375
1 0.94453125 0.096875 0.0265625 0.0328125
1 0.89765625 0.2265625 0.1109375 0.1296875
1 0.7765625 0.12578125 0.0234375 0.0234375
1 0.8875 0.09375 0.0203125 0.0203125
1 0.73828125 0.1765625 0.0390625 0.040625
1 0.63828125 0.17421875 0.059375 0.0671875
1 0.68828125 0.13359375 0.015625 0.021875
1 0.73125 0.125 0.0171875 0.015625
1 0.59453125 0.109375 0.0265625 0.0265625
1 0.47734375 0.1453125 0.0265625 0.0203125
1 0.43359375 0.18515625 0.0234375 0.0265625
1 0.5171875 0.12421875 0.009375 0.0125
1 0.475 0.1078125 0.0140625 0.0140625
1 0.44765625 0.12265625 0.0125 0.0125
1 0.2515625 0.61640625 0.175 0.1140625
1 0.86171875 0.92421875 0.08125 0.1078125
1 0.93984375 0.5984375 0.0390625 0.0390625
1 0.92109375 0.68515625 0.0359375 0.0453125
1 0.8421875 0.6203125 0.03125 0.028125
1 0.74921875 0.634375 0.0390625 0.040625
1 0.78515625 0.7734375 0.0390625 0.04375
1 0.66328125 0.90078125 0.10625 0.10625
1 0.58671875 0.66796875 0.0359375 0.0359375
2 0.5015625 0.76953125 0.0390625 0.0390625
2 0.67890625 0.66796875 0.0390625 0.040625
2 0.9046875 0.8203125 0.05 0.05