2 0.48203125 0.346875 0.2109375 0.18125
1 0.625 0.12578125 0.071875 0.1109375
1 0.746875 0.1875 0.08125 0.1078125
1 0.94296875 0.11328125 0.071875 0.0828125
1 0.96875 0.3171875 0.059375 0.125
1 0.09375 0.521875 0.0421875 0.0515625
1 0.28984375 0.53203125 0.046875 0.0578125
1 0.23984375 0.5296875 0.03125 0.040625
1 0.371875 0.56015625 0.0359375 0.0390625
1 0.45 0.559375 0.0203125 0.028125
1 0.5234375 0.55546875 0.04375 0.04375
1 0.6828125 0.81171875 0.146875 0.146875
1 0.9078125 0.9015625 0.11875 0.1234375
1 0.97109375 0.9578125 0.0546875 0.08125