1 0.28046875 0.08046875 0.2890625 0.1609375
1 0.9484375 0.29296875 0.065625 0.0703125
1 0.834375 0.2640625 0.0828125 0.0828125
1 0.7703125 0.2546875 0.05625 0.065625
1 0.69296875 0.2578125 0.0484375 0.090625
2 0.6125 0.58046875 0.028125 0.0296875
2 0.4796875 0.6265625 0.0296875 0.034375
2 0.24453125 0.62109375 0.03125 0.0453125
2 0.15 0.60703125 0.0359375 0.0453125
2 0.09609375 0.68359375 0.0484375 0.0484375
2 0.0046875 0.65859375 0.009375 0.0296875
2 0.03046875 0.65859375 0.025 0.028125
2 0.06484375 0.65859375 0.0296875 0.034375
2 0.0828125 0.6265625 0.028125 0.028125
1 0.7453125 0.53125 0.153125 0.33125