1 0.1015625 0.021875 0.053125 0.04375
1 0.40546875 0.0453125 0.046875 0.053125
2 0.665625 0.23359375 0.0359375 0.0421875
1 0.6125 0.33671875 0.0609375 0.0703125
1 0.803125 0.23671875 0.0265625 0.034375
1 0.771875 0.3328125 0.0625 0.0609375
1 0.93359375 0.3234375 0.0390625 0.0359375
0 0.96875 0.40390625 0.05625 0.0640625
2 0.10625 0.90703125 0.01875 0.028125
2 0.19296875 0.928125 0.0265625 0.0328125
2 0.28515625 0.93828125 0.0296875 0.03125
2 0.34375 0.96484375 0.0265625 0.0296875
2 0.49453125 0.975 0.0296875 0.03125
1 0.71953125 0.74765625 0.240625 0.3015625