1 0.13984375 0.16328125 0.115625 0.121875
1 0.346875 0.109375 0.1 0.1046875
2 0.17890625 0.08046875 0.0375 0.046875
1 0.45078125 0.3203125 0.0421875 0.078125
1 0.4984375 0.1921875 0.0625 0.06875
1 0.46015625 0.04296875 0.021875 0.021875
1 0.5171875 0.04453125 0.0203125 0.0265625
1 0.6171875 0.04765625 0.0328125 0.0296875
1 0.61640625 0.1421875 0.059375 0.065625
1 0.65703125 0.2328125 0.071875 0.075
1 0.72421875 0.12421875 0.0640625 0.0671875
2 0.8109375 0.04609375 0.034375 0.034375
1 0.875 0.05390625 0.040625 0.046875
1 0.84375 0.00703125 0.03125 0.0140625
1 0.95703125 0.003125 0.0359375 0.00625
1 0.228125 0.3875 0.05 0.015625
1 0.58359375 0.8421875 0.034375 0.0375
1 0.67734375 0.7796875 0.0421875 0.04375
1 0.7765625 0.77734375 0.0359375 0.0421875
2 0.74609375 0.7953125 0.034375 0.0296875
1 0.90703125 0.74765625 0.0390625 0.04375
1 0.95546875 0.76015625 0.04375 0.046875