1 0.0640625 0.13125 0.046875 0.053125
1 0.39609375 0.1328125 0.0234375 0.065625
1 0.4484375 0.4296875 0.0375 0.0375
1 0.50390625 0.33125 0.040625 0.046875
1 0.5515625 0.29296875 0.0375 0.0375
1 0.6171875 0.32578125 0.0453125 0.040625
1 0.6640625 0.328125 0.034375 0.0328125
1 0.771875 0.321875 0.034375 0.040625
1 0.8359375 0.33515625 0.0375 0.040625
1 0.9234375 0.30859375 0.0375 0.0375
2 0.428125 0.26875 0.0375 0.046875
2 0.51640625 0.28359375 0.028125 0.028125
2 0.73203125 0.325 0.0328125 0.0421875
2 0.59609375 0.3015625 0.0375 0.040625
1 0.7203125 0.76328125 0.253125 0.2671875