1 0.06875 0.3734375 0.04375 0.04375
1 0.1296875 0.38515625 0.0453125 0.05625
1 0.26484375 0.39296875 0.0453125 0.0515625
1 0.2859375 0.365625 0.028125 0.0578125
1 0.3953125 0.36953125 0.0265625 0.0328125
2 0.1875 0.4125 0.04375 0.0515625
2 0.04140625 0.40390625 0.0484375 0.05625
2 0.1015625 0.56796875 0.0625 0.0359375
1 0.61484375 0.6234375 0.0390625 0.0359375
1 0.70859375 0.634375 0.03125 0.0390625
1 0.91875 0.6140625 0.0390625 0.0390625
1 0.9765625 0.57265625 0.04375 0.0453125
1 0.990625 0.71484375 0.015625 0.0453125
2 0.671875 0.60234375 0.0234375 0.0265625
1 0.5796875 0.6046875 0.0203125 0.03125
2 0.49140625 0.59453125 0.0359375 0.0453125
1 0.83984375 0.5765625 0.0359375 0.0359375