1 0.10546875 0.2578125 0.065625 0.0734375
1 0.31640625 0.25625 0.06875 0.09375
1 0.734375 0.4390625 0.0625 0.0734375
1 0.74453125 0.32265625 0.0796875 0.046875
1 0.97265625 0.58203125 0.0515625 0.0921875
1 0.92265625 0.4953125 0.046875 0.078125
0 0.62734375 0.30078125 0.034375 0.0328125
2 0.4546875 0.2796875 0.009375 0.021875
2 0.87109375 0.3125 0.028125 0.034375
2 0.92890625 0.4203125 0.040625 0.0375
1 0.32421875 0.70390625 0.0890625 0.0953125
2 0.09765625 0.91640625 0.09375 0.1015625
2 0.14375 0.7765625 0.096875 0.096875
2 0.85703125 0.728125 0.2765625 0.196875