1 0.16484375 0.42578125 0.09375 0.0890625
1 0.42734375 0.3234375 0.0609375 0.0875
1 0.59296875 0.3234375 0.1734375 0.175
1 0.0765625 0.575 0.10625 0.03125
1 0.0546875 0.77734375 0.109375 0.1359375
1 0.3953125 0.6046875 0.125 0.090625
1 0.3859375 0.80859375 0.134375 0.128125
1 0.8953125 0.8890625 0.0734375 0.078125
1 0.834375 0.79609375 0.06875 0.084375
1 0.571875 0.8953125 0.0609375 0.059375
1 0.61796875 0.83984375 0.05625 0.0609375
1 0.515625 0.83984375 0.046875 0.046875
1 0.47265625 0.815625 0.0265625 0.05
1 0.7 0.809375 0.0296875 0.03125