1 0.12890625 0.14140625 0.0921875 0.1109375
1 0.57421875 0.18359375 0.090625 0.103125
1 0.21640625 0.253125 0.059375 0.05
1 0.421875 0.33125 0.0515625 0.0515625
1 0.48359375 0.34375 0.0578125 0.0625
1 0.2984375 0.32578125 0.05625 0.053125
1 0.26328125 0.29296875 0.053125 0.0546875
1 0.64921875 0.2078125 0.0390625 0.04375
1 0.109375 0.63828125 0.071875 0.0171875
1 0.35625 0.6515625 0.075 0.04375
1 0.490625 0.68203125 0.08125 0.0953125
1 0.51796875 0.86484375 0.0875 0.10625
1 0.42421875 0.91015625 0.0890625 0.084375
1 0.2296875 0.8703125 0.08125 0.0875
1 0.1515625 0.78828125 0.078125 0.1015625
1 0.0109375 0.8265625 0.021875 0.0875
1 0.8890625 0.72421875 0.21875 0.1890625