2 0.021875 0.04375 0.0390625 0.0375
2 0.121875 0.06875 0.04375 0.0421875
1 0.2703125 0.096875 0.0515625 0.0625
0 0.303125 0.059375 0.021875 0.0375
2 0.365625 0.0578125 0.0421875 0.04375
0 0.4265625 0.05 0.04375 0.04375
1 0.5703125 0.0359375 0.015625 0.06875
1 0.51875 0.021875 0.0265625 0.0296875
1 0.4875 0.06875 0.025 0.0265625
1 0.896875 0.3875 0.203125 0.140625
1 0.0203125 0.70859375 0.040625 0.0828125
1 0.2484375 0.640625 0.0375 0.034375
1 0.3421875 0.6546875 0.0296875 0.0375
1 0.553125 0.6421875 0.0375 0.0375
2 0.30625 0.621875 0.021875 0.0265625
1 0.2140625 0.6203125 0.01875 0.03125
2 0.1265625 0.6078125 0.034375 0.04375
1 0.475 0.6015625 0.034375 0.034375
1 0.853125 0.7390625 0.175 0.19375
1 0.7515625 0.8109375 0.13125 0.15
2 0.7015625 0.596875 0.0421875 0.059375