1 0.0171875 0.0359375 0.034375 0.05
1 0.0609375 0.01015625 0.040625 0.0203125
1 0.12578125 0.03359375 0.046875 0.0421875
1 0.17265625 0.03828125 0.034375 0.0328125
1 0.2796875 0.03515625 0.0359375 0.040625
1 0.34375 0.0515625 0.0390625 0.0421875
1 0.43203125 0.02734375 0.0390625 0.0390625
2 0.240625 0.03671875 0.034375 0.0421875
2 0.10625 0.015625 0.040625 0.03125
1 0.6328125 0.14609375 0.325 0.2921875
1 0.01171875 0.6640625 0.0234375 0.034375
1 0.0359375 0.7171875 0.0296875 0.0328125
1 0.12265625 0.71640625 0.0390625 0.0421875
1 0.184375 0.74140625 0.05625 0.05
1 0.23359375 0.696875 0.034375 0.0421875
1 0.28828125 0.70390625 0.028125 0.0328125
1 0.4390625 0.76796875 0.04375 0.0515625
1 0.5640625 0.58359375 0.190625 0.0671875
1 0.93828125 0.73671875 0.1203125 0.2015625