1 0.0640625 0.04765625 0.115625 0.0953125
1 0.1 0.16796875 0.0890625 0.0921875
1 0.97109375 0.334375 0.0390625 0.0453125
2 0.92421875 0.31796875 0.028125 0.028125
1 0.3171875 0.84453125 0.1125 0.1296875
1 0.16484375 0.88671875 0.0453125 0.0515625
1 0.184375 0.990625 0.078125 0.015625
1 0.09921875 0.98671875 0.0734375 0.0234375
2 0.0828125 0.89609375 0.03125 0.03125
2 0.253125 0.90859375 0.0453125 0.0515625
2 0.5625 0.87421875 0.046875 0.08125
1 0.84921875 0.6421875 0.0640625 0.065625
1 0.64140625 0.63046875 0.0640625 0.0421875