1 0.02265625 0.08046875 0.0453125 0.1078125
1 0.24921875 0.1453125 0.0171875 0.065625
2 0.28828125 0.04765625 0.0296875 0.034375
2 0.34453125 0.0328125 0.034375 0.0359375
1 0.39765625 0.05234375 0.0453125 0.0484375
1 0.47890625 0.01875 0.0546875 0.0375
2 0.49296875 0.0171875 0.0234375 0.034375
1 0.54453125 0.01953125 0.0484375 0.0390625
2 0.5796875 0.025 0.0234375 0.0296875
1 0.6078125 0.0234375 0.04375 0.0453125
1 0.7390625 0.0171875 0.05 0.034375
1 0.015625 0.47890625 0.03125 0.0921875
1 0.2203125 0.52265625 0.021875 0.025
2 0.89609375 0.41640625 0.0890625 0.0328125
2 0.6296875 0.4328125 0.08125 0.065625