1 0.21484375 0.221875 0.0765625 0.084375
1 0.34921875 0.29140625 0.0578125 0.071875
1 0.53046875 0.26875 0.0234375 0.046875
1 0.5734375 0.39765625 0.0546875 0.0578125
1 0.64140625 0.25546875 0.03125 0.0453125
1 0.67578125 0.259375 0.046875 0.053125
1 0.728125 0.27578125 0.04375 0.0453125
1 0.7671875 0.2921875 0.0453125 0.0515625
1 0.8296875 0.3015625 0.059375 0.0625
1 0.8796875 0.23671875 0.0359375 0.04375
2 0.921875 0.234375 0.0390625 0.0390625
1 0.9859375 0.21875 0.025 0.053125
1 0.59140625 0.2640625 0.0359375 0.0390625
1 0.953125 0.23125 0.0265625 0.03125
1 0.94453125 0.4640625 0.0984375 0.028125