1 0.20546875 0.11015625 0.175 0.1828125
1 0.19609375 0.53359375 0.0953125 0.0953125
1 0.33046875 0.340625 0.015625 0.01875
1 0.34921875 0.34765625 0.0140625 0.015625
1 0.37421875 0.34765625 0.015625 0.0140625
0 0.44375 0.3796875 0.0265625 0.0265625
1 0.5875 0.3 0.0265625 0.03125
1 0.7203125 0.296875 0.0265625 0.0328125
1 0.40859375 0.86484375 0.053125 0.0546875
1 0.58671875 0.87109375 0.0546875 0.0578125
1 0.815625 0.87421875 0.0578125 0.059375
1 0.92734375 0.88515625 0.03125 0.0703125
2 0.74296875 0.85390625 0.01875 0.0234375
2 0.653125 0.89140625 0.01875 0.0203125
2 0.65546875 0.85234375 0.01875 0.01875
1 0.72265625 0.85546875 0.0109375 0.0140625
1 0.7671875 0.84921875 0.0140625 0.015625