1 0.125 0.1625 0.215625 0.2359375
2 0.44140625 0.30859375 0.1046875 0.2265625
1 0.82109375 0.22578125 0.046875 0.0515625
1 0.74453125 0.4171875 0.08125 0.071875
1 0.88984375 0.21875 0.046875 0.0515625
1 0.4640625 0.71640625 0.05625 0.0609375
1 0.41640625 0.671875 0.0328125 0.0375
1 0.48515625 0.678125 0.0296875 0.0296875
1 0.51796875 0.709375 0.046875 0.04375
1 0.54609375 0.6953125 0.0203125 0.0359375
1 0.55390625 0.8328125 0.0515625 0.05625
1 0.58984375 0.7125 0.0328125 0.0375
1 0.63828125 0.715625 0.034375 0.0421875
1 0.6703125 0.72578125 0.046875 0.0515625
1 0.7234375 0.746875 0.04375 0.046875
1 0.75859375 0.76796875 0.0515625 0.059375
1 0.81953125 0.78671875 0.0609375 0.0640625
1 0.8328125 0.7015625 0.034375 0.0453125
1 0.878125 0.73515625 0.046875 0.0484375
2 0.91875 0.7390625 0.0421875 0.0375
1 0.984375 0.73515625 0.028125 0.0484375
1 0.95 0.7390625 0.025 0.028125