2 0.1984375 0.15 0.271875 0.3
2 0.5546875 0.2703125 0.05 0.05
1 0.5890625 0.22890625 0.0484375 0.05
2 0.53984375 0.18359375 0.0203125 0.0609375
1 0.640625 0.37265625 0.0703125 0.0765625
1 0.64921875 0.2796875 0.0671875 0.0546875
2 0.65390625 0.184375 0.040625 0.040625
1 0.7484375 0.19921875 0.046875 0.0578125
1 0.72734375 0.228125 0.034375 0.05
1 0.7953125 0.2015625 0.046875 0.05
2 0.85859375 0.17890625 0.0421875 0.046875
2 0.9046875 0.2234375 0.0671875 0.0671875
1 0.7375 0.3453125 0.059375 0.0640625
1 0.72109375 0.44296875 0.06875 0.0609375
1 0.83203125 0.38828125 0.06875 0.0765625
1 0.9109375 0.4234375 0.075 0.075
1 0.95234375 0.340625 0.0546875 0.05625
2 0.96640625 0.18046875 0.0546875 0.0546875
2 0.959375 0.246875 0.0421875 0.0375
2 0.99375 0.2 0.009375 0.046875
1 0.30234375 0.703125 0.20625 0.2296875
1 0.628125 0.6671875 0.1890625 0.215625
1 0.96015625 0.5609375 0.0765625 0.103125