1 0.11953125 0.04765625 0.2390625 0.0953125
2 0.23828125 0.08125 0.1609375 0.1625
2 0.31796875 0.08046875 0.0734375 0.1078125
1 0.43203125 0.16328125 0.1703125 0.3203125
2 0.5609375 0.0359375 0.075 0.071875
2 0.61484375 0.10703125 0.06875 0.0625
2 0.60703125 0.196875 0.0765625 0.08125
2 0.68671875 0.0375 0.0703125 0.075
2 0.753125 0.1921875 0.0859375 0.09375
1 0.85859375 0.22265625 0.1015625 0.1125
2 0.96953125 0.09453125 0.0578125 0.0765625
2 0.9828125 0.290625 0.03125 0.09375
2 0.91796875 0.0703125 0.0609375 0.0578125
1 0.178125 0.58984375 0.190625 0.1796875
1 0.25625 0.6734375 0.23125 0.1953125
2 0.7421875 0.825 0.303125 0.346875