1 0.58359375 0.0484375 0.0609375 0.06875
1 0.37578125 0.03203125 0.0640625 0.0640625
0 0.12734375 0.0234375 0.0859375 0.046875
0 0.88828125 0.265625 0.103125 0.090625
2 0.68125 0.06796875 0.0390625 0.040625
2 0.50703125 0.715625 0.0203125 0.0125
2 0.44921875 0.72109375 0.0328125 0.0234375
2 0.4421875 0.7515625 0.028125 0.028125
1 0.4609375 0.81328125 0.028125 0.0265625
2 0.4234375 0.84296875 0.0203125 0.0265625
2 0.44453125 0.875 0.0234375 0.0296875
2 0.4375 0.9296875 0.03125 0.0328125
2 0.459375 0.98359375 0.040625 0.0296875
1 0.3734375 0.89765625 0.0328125 0.03125
2 0.34140625 0.9234375 0.0359375 0.0390625
2 0.33515625 0.86484375 0.0359375 0.0328125
2 0.36328125 0.86328125 0.0265625 0.03125
2 0.375 0.75390625 0.0171875 0.021875
2 0.3546875 0.7671875 0.03125 0.03125
2 0.31015625 0.778125 0.03125 0.03125
2 0.26328125 0.7703125 0.025 0.0234375
2 0.259375 0.8375 0.0328125 0.03125
2 0.278125 0.94453125 0.03125 0.0265625
2 0.24453125 0.95859375 0.0359375 0.0359375
2 0.28515625 0.72109375 0.0296875 0.0234375
2 0.18203125 0.728125 0.0296875 0.0234375
2 0.1921875 0.78984375 0.0359375 0.0265625
2 0.16953125 0.775 0.0140625 0.0265625
2 0.196875 0.84921875 0.0328125 0.0265625
2 0.165625 0.878125 0.0328125 0.0328125
2 0.140625 0.88203125 0.01875 0.0265625
2 0.15078125 0.94453125 0.0328125 0.0328125