2 0.240625 0.2328125 0.059375 0.075
0 0.4609375 0.253125 0.08125 0.0765625
2 0.2828125 0.4078125 0.1 0.0765625
0 0.428125 0.40390625 0.09375 0.0890625
1 0.9359375 0.403125 0.0796875 0.0875
2 0.83046875 0.4234375 0.0578125 0.05
1 0.1375 0.7015625 0.1546875 0.1296875
1 0.2359375 0.525 0.0890625 0.10625
1 0.4015625 0.6109375 0.1375 0.14375
1 0.5390625 0.7140625 0.0171875 0.0265625
1 0.6203125 0.7265625 0.025 0.0375
2 0.8375 0.6890625 0.0296875 0.0375
1 0.803125 0.8 0.0515625 0.0625
1 0.9734375 0.66875 0.021875 0.03125
1 0.959375 0.76875 0.0546875 0.0515625