2 0.45 0.05390625 0.0484375 0.0453125
2 0.45625 0.16015625 0.053125 0.053125
1 0.4828125 0.278125 0.0515625 0.0484375
2 0.15703125 0.0125 0.0453125 0.025
1 0.196875 0.10390625 0.0515625 0.0453125
1 0.15234375 0.16796875 0.0484375 0.0453125
1 0.1734375 0.284375 0.053125 0.053125
2 0.96796875 0.32421875 0.0609375 0.1859375
1 0.784375 0.32421875 0.196875 0.1859375
1 0.3625 0.62578125 0.1109375 0.153125
1 0.221875 0.85859375 0.10625 0.121875
2 0.090625 0.62890625 0.03125 0.053125
1 0.97578125 0.54921875 0.040625 0.04375
1 0.83984375 0.54765625 0.065625 0.078125