2 0.1375 0.10390625 0.275 0.2078125
1 0.5265625 0.29140625 0.0296875 0.040625
1 0.68671875 0.33203125 0.0296875 0.034375
1 0.80546875 0.28046875 0.0359375 0.0390625
2 0.4140625 0.709375 0.0203125 0.0265625
1 0.4875 0.68984375 0.021875 0.0296875
1 0.53203125 0.6734375 0.025 0.028125
2 0.47265625 0.71171875 0.0328125 0.0296875
2 0.48203125 0.7453125 0.0296875 0.0296875
1 0.47109375 0.80859375 0.0296875 0.028125
2 0.5109375 0.834375 0.021875 0.0296875
2 0.49296875 0.86875 0.0265625 0.0328125
2 0.50546875 0.921875 0.034375 0.034375
2 0.490625 0.9796875 0.04375 0.0375
1 0.56640625 0.88359375 0.034375 0.034375
2 0.60078125 0.90546875 0.0390625 0.0421875
2 0.60078125 0.846875 0.0390625 0.0359375
2 0.57265625 0.84765625 0.028125 0.0328125
2 0.54921875 0.740625 0.0203125 0.0234375
2 0.571875 0.7515625 0.0328125 0.0328125
2 0.596875 0.67421875 0.028125 0.0296875
2 0.61640625 0.7578125 0.0328125 0.0328125
2 0.6625 0.7453125 0.028125 0.025
2 0.6734375 0.81171875 0.034375 0.034375
2 0.66640625 0.9203125 0.0328125 0.028125
2 0.70078125 0.93046875 0.0390625 0.0390625
2 0.6359375 0.6953125 0.0296875 0.028125
2 0.67421875 0.67265625 0.0203125 0.0265625
2 0.65859375 0.64140625 0.025 0.021875
2 0.72734375 0.64765625 0.025 0.025
2 0.70546875 0.67109375 0.0265625 0.0203125
2 0.7390625 0.6953125 0.0328125 0.0265625
2 0.73515625 0.75703125 0.0375 0.0296875
2 0.75625 0.73984375 0.015625 0.028125
2 0.73671875 0.8171875 0.034375 0.0296875
2 0.7703125 0.8421875 0.0359375 0.0359375
2 0.79609375 0.84296875 0.0203125 0.028125
2 0.7921875 0.90703125 0.0359375 0.0359375
2 0.79609375 0.98671875 0.0421875 0.0234375
2 0.77265625 0.64453125 0.01875 0.01875