1 0.13828125 0.08125 0.2765625 0.1625
2 0.72578125 0.06328125 0.0890625 0.109375
2 0.809375 0.115625 0.0875 0.09375
1 0.01640625 0.9453125 0.0328125 0.034375
1 0.04765625 0.8921875 0.0265625 0.0328125
1 0.11015625 0.9734375 0.1140625 0.05
1 0.21796875 0.90078125 0.0234375 0.0234375
1 0.10390625 0.88203125 0.0203125 0.0203125
1 0.26171875 0.94609375 0.040625 0.0421875
1 0.3609375 0.93203125 0.0609375 0.0671875
1 0.30703125 0.89765625 0.015625 0.0234375
1 0.2625 0.89453125 0.01875 0.015625
1 0.396875 0.86171875 0.0265625 0.0265625
1 0.5171875 0.8828125 0.0265625 0.0203125
1 0.55546875 0.9171875 0.0046875 0.028125
1 0.47578125 0.8671875 0.0109375 0.0125
1 0.51484375 0.84609375 0.015625 0.015625
1 0.54375 0.8578125 0.0140625 0.0140625
1 0.5703125 0.88515625 0.021875 0.1140625
1 0.7796875 0.7671875 0.128125 0.1453125