1 0.028125 0.43671875 0.05625 0.0640625
1 0.11328125 0.45859375 0.05 0.05625
1 0.29609375 0.41875 0.0625 0.06875
1 0.34609375 0.39765625 0.0484375 0.0484375
1 0.409375 0.521875 0.05625 0.0625
1 0.2375 0.3875 0.040625 0.046875
1 0.4171875 0.3875 0.0390625 0.0421875
1 0.30546875 0.37734375 0.0421875 0.0421875
1 0.58515625 0.27109375 0.0640625 0.0703125
1 0.81484375 0.41171875 0.0296875 0.0328125
2 0.85234375 0.3625 0.0390625 0.0421875
2 0.96875 0.35546875 0.059375 0.0609375
1 0.20625 0.8984375 0.084375 0.084375