1 0.33828125 0.05 0.084375 0.0921875
1 0.121875 0.06875 0.075 0.090625
1 0.88125 0.22734375 0.234375 0.3421875
1 0.49140625 0.284375 0.1234375 0.3625
1 0.8296875 0.684375 0.103125 0.1046875
1 0.9921875 0.60859375 0.0125 0.0265625
1 0.9375 0.59296875 0.01875 0.025
1 0.87734375 0.5984375 0.0203125 0.0265625
1 0.71796875 0.61015625 0.015625 0.025
1 0.67578125 0.60234375 0.009375 0.01875
1 0.63359375 0.62109375 0.0125 0.01875
1 0.43359375 0.6140625 0.0078125 0.01875
2 0.48359375 0.60859375 0.0171875 0.021875
1 0.48046875 0.57109375 0.0171875 0.0171875