1 0.4796875 0.13125 0.015625 0.0375
1 0.45234375 0.26484375 0.05 0.0546875
1 0.43515625 0.140625 0.03125 0.0359375
1 0.3875 0.13671875 0.03125 0.040625
1 0.35390625 0.140625 0.0453125 0.0484375
1 0.2984375 0.15390625 0.040625 0.0453125
1 0.26015625 0.16875 0.05 0.0578125
1 0.19765625 0.178125 0.0578125 0.0625
1 0.196875 0.0921875 0.03125 0.04375
1 0.14765625 0.1171875 0.04375 0.0453125
2 0.10703125 0.115625 0.040625 0.0359375
1 0.0328125 0.09921875 0.04375 0.04375
1 0.07578125 0.1109375 0.0234375 0.028125
1 0.64609375 0.53359375 0.3140625 0.2890625
1 0.165625 0.8140625 0.33125 0.26875
1 0.9125 0.98203125 0.075 0.0328125
1 0.80234375 0.95 0.03125 0.0234375
1 0.6875 0.97265625 0.046875 0.0515625
1 0.5578125 0.9546875 0.034375 0.0484375
1 0.77734375 0.93984375 0.0203125 0.0234375