1 0.04375 0.08671875 0.059375 0.05625
1 0.19609375 0.0921875 0.05625 0.0640625
1 0.428125 0.30703125 0.04375 0.0625
1 0.68046875 0.36328125 0.0609375 0.0578125
1 0.74765625 0.31640625 0.08125 0.078125
1 0.85859375 0.36015625 0.0734375 0.078125
1 0.81796875 0.5125 0.06875 0.0734375
1 0.91171875 0.2890625 0.0515625 0.065625
1 0.97421875 0.26640625 0.0484375 0.0609375
1 0.1625 0.903125 0.009375 0.0078125
2 0.221875 0.89765625 0.0203125 0.01875
1 0.30234375 0.8671875 0.059375 0.059375
1 0.42734375 0.9015625 0.053125 0.0515625
1 0.5890625 0.903125 0.040625 0.034375
2 0.5046875 0.88515625 0.0203125 0.01875