1 0.09609375 0.16953125 0.1921875 0.2046875
1 0.88515625 0.29453125 0.04375 0.0453125
1 0.8203125 0.29375 0.06875 0.071875
1 0.78359375 0.34921875 0.075 0.078125
1 0.71484375 0.271875 0.04375 0.04375
1 0.6390625 0.24921875 0.0546875 0.0546875
1 0.57265625 0.2484375 0.0734375 0.0734375
1 0.5390625 0.196875 0.05 0.05625
1 0.484375 0.784375 0.0484375 0.04375
1 0.43828125 0.77421875 0.0359375 0.034375
1 0.33671875 0.740625 0.0375 0.0421875
1 0.27109375 0.73671875 0.040625 0.0421875
1 0.19375 0.68828125 0.0390625 0.0390625
2 0.37421875 0.75390625 0.0359375 0.04375
2 0.49921875 0.7671875 0.0171875 0.04375
1 0.6578125 0.6 0.134375 0.1484375
2 0.88046875 0.65 0.08125 0.1546875