1 0.1328125 0.49453125 0.1328125 0.1453125
1 0.50234375 0.4484375 0.1296875 0.140625
2 0.68984375 0.44609375 0.0359375 0.0953125
2 0.7203125 0.2390625 0.021875 0.071875
2 0.76015625 0.30546875 0.0640625 0.05625
2 0.76328125 0.39609375 0.06875 0.0734375
2 0.82265625 0.2265625 0.0609375 0.0703125
2 0.90703125 0.3734375 0.0765625 0.0859375
1 0.984375 0.39140625 0.028125 0.1046875
2 0.046875 0.78828125 0.09375 0.0953125
2 0.2015625 0.7875 0.0859375 0.0859375
2 0.1421875 0.89375 0.1078125 0.0734375
2 0.3421875 0.91015625 0.140625 0.109375
2 0.31328125 0.7515625 0.0953125 0.025
1 0.6625 0.7765625 0.090625 0.075
2 0.61875 0.91953125 0.09375 0.0859375
1 0.7265625 0.77265625 0.034375 0.0671875
1 0.84609375 0.85078125 0.0578125 0.0640625
1 0.82265625 0.7734375 0.0671875 0.06875