1 0.2109375 0.14375 0.084375 0.09375
1 0.109375 0.196875 0.05 0.0546875
1 0.47265625 0.15078125 0.0546875 0.071875
1 0.56953125 0.12578125 0.065625 0.078125
1 0.71953125 0.159375 0.065625 0.0671875
1 0.871875 0.2109375 0.0453125 0.0578125
1 0.92265625 0.21484375 0.040625 0.0453125
2 0.3796875 0.60078125 0.0375 0.0234375
2 0.26640625 0.61328125 0.0515625 0.0484375
1 0.2921875 0.67578125 0.05 0.0578125
1 0.22109375 0.6609375 0.053125 0.0703125
1 0.07734375 0.61171875 0.0484375 0.0453125
0 0.17421875 0.68359375 0.0703125 0.0703125
2 0.02109375 0.62421875 0.0421875 0.0609375
2 0.15234375 0.6046875 0.0328125 0.03125
1 0.03984375 0.5953125 0.0296875 0.0125