1 0.96953125 0.35546875 0.0578125 0.1015625
1 0.9359375 0.2328125 0.0421875 0.046875
1 0.89765625 0.2109375 0.0296875 0.0328125
1 0.84609375 0.1828125 0.0265625 0.0234375
1 0.990625 0.178125 0.015625 0.021875
1 0.825 0.24375 0.040625 0.034375
1 0.78359375 0.19609375 0.0296875 0.03125
1 0.74296875 0.3265625 0.125 0.13125
1 0.7265625 0.19609375 0.0265625 0.0203125
1 0.6421875 0.21484375 0.01875 0.015625
1 0.6203125 0.23359375 0.028125 0.0265625
1 0.5828125 0.284375 0.0453125 0.046875
1 0.51796875 0.2515625 0.0171875 0.0375
1 0.575 0.23125 0.01875 0.01875
2 0.40625 0.8578125 0.1140625 0.128125
1 0.93515625 0.85234375 0.1265625 0.2890625