1 0.21953125 0.240625 0.2140625 0.2625
1 0.4359375 0.16015625 0.053125 0.1359375
2 0.3921875 0.7359375 0.03125 0.059375
1 0.3328125 0.7453125 0.071875 0.084375
1 0.209375 0.78515625 0.075 0.078125
1 0.1625 0.70078125 0.0796875 0.0875
1 0.0890625 0.78984375 0.0796875 0.078125
1 0.0203125 0.72265625 0.040625 0.0859375
2 0.86875 0.55546875 0.0625 0.0765625
0 0.64765625 0.56796875 0.084375 0.0796875
2 0.8203125 0.72890625 0.103125 0.0796875
0 0.675 0.73359375 0.096875 0.1171875
2 0.52890625 0.7453125 0.090625 0.096875
1 0.55078125 0.89296875 0.065625 0.103125