1 0.0484375 0.3953125 0.0921875 0.103125
1 0.3484375 0.37265625 0.0890625 0.09375
1 0.46015625 0.3984375 0.0640625 0.0734375
1 0.50859375 0.15859375 0.0171875 0.0921875
1 0.65 0.31171875 0.0296875 0.0328125
2 0.64609375 0.3953125 0.021875 0.0265625
1 0.7734375 0.2140625 0.04375 0.0546875
1 0.8515625 0.2203125 0.0390625 0.05
1 0.91796875 0.12421875 0.06875 0.0875
1 0.34921875 0.9 0.2984375 0.196875
1 0.55859375 0.8234375 0.0484375 0.05625
1 0.67421875 0.865625 0.0484375 0.0546875
2 0.82578125 0.81875 0.065625 0.0578125
2 0.978125 0.8125 0.040625 0.065625