1 0.0109375 0.06640625 0.021875 0.0515625
2 0.1578125 0.0421875 0.06875 0.084375
1 0.3109375 0.0921875 0.071875 0.1015625
1 0.6390625 0.2875 0.275 0.21875
1 0.88515625 0.2828125 0.2265625 0.26875
1 0.0109375 0.48984375 0.021875 0.0359375
1 0.6375 0.4765625 0.0390625 0.0375
1 0.884375 0.521875 0.0375 0.03125
2 0.978125 0.528125 0.0390625 0.034375
2 0.81875 0.49375 0.0375 0.03125
2 0.7578125 0.4671875 0.034375 0.0296875
2 0.571875 0.471875 0.03125 0.0375
2 0.4671875 0.465625 0.0390625 0.034375
2 0.54375 0.4546875 0.03125 0.0296875
0 0.3953125 0.46171875 0.0125 0.0390625
0 0.7171875 0.48125 0.0390625 0.0375
2 0.94375 0.503125 0.021875 0.01875