1 0.3953125 0.2171875 0.09375 0.084375
1 0.1 0.1984375 0.075 0.08125
1 0.3125 0.1203125 0.0640625 0.04375
1 0.62109375 0.01328125 0.0921875 0.0265625
1 0.2609375 0.8234375 0.2640625 0.3140625
2 0.7609375 0.4640625 0.0390625 0.04375
1 0.8640625 0.459375 0.059375 0.046875
1 0.9265625 0.5390625 0.0515625 0.0546875
1 0.8390625 0.546875 0.06875 0.06875
2 0.5953125 0.5625 0.0390625 0.046875
2 0.6328125 0.6 0.059375 0.05625
1 0.51796875 0.51875 0.0171875 0.065625
1 0.6890625 0.7046875 0.06875 0.0765625