1 0.5 0.18671875 0.115625 0.1640625
1 0.33515625 0.12734375 0.1421875 0.1421875
1 0.1734375 0.2921875 0.153125 0.1421875
1 0.15859375 0.67890625 0.3171875 0.3796875
1 0.99375 0.740625 0.009375 0.028125
1 0.9328125 0.9234375 0.034375 0.034375
1 0.8984375 0.8921875 0.028125 0.0328125
2 0.8921875 0.8125 0.021875 0.025
1 0.9078125 0.77109375 0.021875 0.028125
1 0.81796875 0.82734375 0.021875 0.028125
1 0.8140625 0.94609375 0.0328125 0.0328125
1 0.81796875 0.9921875 0.0359375 0.0125
1 0.71328125 0.93671875 0.03125 0.034375
1 0.7265625 0.90546875 0.0328125 0.0234375
1 0.73828125 0.81796875 0.0296875 0.028125
1 0.82265625 0.7609375 0.0296875 0.028125
1 0.9390625 0.6796875 0.0234375 0.0203125
2 0.9484375 0.65625 0.021875 0.025
2 0.8953125 0.6921875 0.028125 0.028125
2 0.8578125 0.6828125 0.021875 0.021875
1 0.7921875 0.7078125 0.025 0.025
1 0.80859375 0.66796875 0.028125 0.025
1 0.88203125 0.58515625 0.0203125 0.0203125
1 0.8421875 0.5734375 0.0171875 0.0203125
1 0.8265625 0.64140625 0.0203125 0.0203125
1 0.75 0.64765625 0.0203125 0.0203125
1 0.91328125 0.6515625 0.0203125 0.0203125
1 0.74453125 0.7734375 0.028125 0.025
1 0.70390625 0.74609375 0.025 0.0296875
1 0.675 0.7765625 0.025 0.028125
1 0.6734375 0.84296875 0.021875 0.025
1 0.5765625 0.90703125 0.028125 0.025
1 0.565625 0.81640625 0.0125 0.0234375
1 0.62265625 0.79375 0.025 0.028125
1 0.60078125 0.77578125 0.021875 0.021875
1 0.58984375 0.73984375 0.0203125 0.0203125
1 0.63984375 0.68984375 0.021875 0.021875
1 0.82265625 0.55703125 0.015625 0.01875
2 0.73671875 0.58671875 0.0140625 0.01875
1 0.7046875 0.5828125 0.021875 0.021875
1 0.640625 0.6171875 0.0203125 0.0203125
1 0.59296875 0.596875 0.015625 0.01875