1 0.0046875 0.09375 0.009375 0.05
1 0.0109375 0.01796875 0.021875 0.0359375
1 0.07578125 0.02109375 0.0421875 0.0421875
2 0.159375 0.01328125 0.034375 0.0265625
0 0.19921875 0.02109375 0.0515625 0.0421875
1 0.4 0.009375 0.034375 0.01875
1 0.45 0.1765625 0.0625 0.10625
1 0.69921875 0.159375 0.09375 0.1046875
1 0.7625 0.04375 0.09375 0.0875
1 0.2203125 0.6484375 0.1625 0.0375
1 0.43046875 0.7671875 0.0234375 0.078125
1 0.61328125 0.8078125 0.0734375 0.084375
1 0.7765625 0.8515625 0.078125 0.0765625
1 0.95078125 0.79375 0.0875 0.0875