1 0.05703125 0.45625 0.1140625 0.121875
1 0.240625 0.428125 0.0921875 0.115625
1 0.1046875 0.1640625 0.05 0.053125
1 0.196875 0.0953125 0.0421875 0.0421875
1 0.20625 0.18359375 0.040625 0.0484375
1 0.29140625 0.12734375 0.0328125 0.03125
1 0.38203125 0.1515625 0.04375 0.04375
1 0.3328125 0.2859375 0.04375 0.046875
1 0.43984375 0.425 0.115625 0.115625
1 0.5390625 0.2015625 0.0375 0.040625
2 0.4484375 0.1921875 0.04375 0.04375
2 0.20859375 0.3203125 0.053125 0.053125
1 0.6015625 0.17265625 0.084375 0.1015625
1 0.80234375 0.21328125 0.096875 0.1
2 0.94296875 0.2875 0.1109375 0.1125
1 0.05390625 0.59609375 0.04375 0.0484375
1 0.225 0.528125 0.040625 0.01875
1 0.16875 0.5671875 0.040625 0.046875
1 0.3015625 0.790625 0.0484375 0.053125
1 0.39765625 0.53359375 0.0421875 0.0296875
1 0.40859375 0.64140625 0.04375 0.04375
1 0.51171875 0.621875 0.0390625 0.0421875
1 0.51484375 0.7515625 0.0375 0.04375
1 0.53515625 0.7921875 0.0453125 0.04375
1 0.60078125 0.58984375 0.0828125 0.1421875
1 0.9015625 0.58125 0.178125 0.125