1 0.5359375 0.21171875 0.0625 0.0640625
1 0.453125 0.2203125 0.059375 0.059375
1 0.33671875 0.23359375 0.0625 0.059375
1 0.20859375 0.26328125 0.0578125 0.0640625
1 0.1515625 0.29140625 0.0578125 0.0625
1 0.05390625 0.2265625 0.040625 0.0640625
1 0.6828125 0.21015625 0.0921875 0.1
1 0.93515625 0.203125 0.03125 0.040625
1 0.8625 0.21640625 0.046875 0.0359375
1 0.82734375 0.2140625 0.025 0.0296875
1 0.2859375 0.62421875 0.1 0.0484375
1 0.59296875 0.95 0.0484375 0.090625
1 0.71171875 0.87109375 0.0546875 0.0625
1 0.65390625 0.8453125 0.0640625 0.0640625
1 0.60859375 0.7796875 0.04375 0.046875
1 0.66875 0.7609375 0.04375 0.04375
1 0.61796875 0.7359375 0.034375 0.034375