1 0.30390625 0.21875 0.1859375 0.1875
1 0.721875 0.06015625 0.04375 0.0796875
0 0.89765625 0.1546875 0.1140625 0.103125
1 0.134375 0.5609375 0.0359375 0.0390625
1 0.24296875 0.53046875 0.04375 0.0453125
1 0.33828125 0.55859375 0.0375 0.0421875
2 0.303125 0.56640625 0.034375 0.0296875
1 0.47109375 0.57109375 0.040625 0.04375
1 0.5140625 0.59765625 0.04375 0.0484375
1 0.59921875 0.57265625 0.04375 0.04375
1 0.70859375 0.3875 0.0171875 0.053125
0 0.71953125 0.43984375 0.0390625 0.0734375
2 0.78046875 0.46328125 0.0640625 0.065625
2 0.82578125 0.4296875 0.04375 0.0453125
2 0.95234375 0.46015625 0.05 0.0453125