1 0.68046875 0.1546875 0.165625 0.184375
1 0.05234375 0.60625 0.04375 0.04375
1 0.16640625 0.6234375 0.05625 0.0515625
1 0.046875 0.5625 0.0296875 0.03125
1 0.1359375 0.5859375 0.0453125 0.05
1 0.434375 0.56875 0.0421875 0.0421875
1 0.3328125 0.578125 0.0421875 0.0421875
2 0.49375 0.5828125 0.0359375 0.05625
1 0.57109375 0.64140625 0.0640625 0.0828125
1 0.75234375 0.64609375 0.065625 0.0859375
1 0.840625 0.53046875 0.0125 0.021875
1 0.775 0.5203125 0.0125 0.0140625
1 0.5921875 0.53125 0.0140625 0.0171875
1 0.9515625 0.5921875 0.0125 0.01875