1 0.13359375 0.22109375 0.0421875 0.0421875
1 0.2421875 0.13671875 0.0484375 0.0421875
1 0.32265625 0.1109375 0.04375 0.04375
1 0.459375 0.09609375 0.0390625 0.0421875
1 0.5109375 0.04609375 0.0328125 0.0296875
1 0.65234375 0.01875 0.0640625 0.0375
1 0.703125 0.021875 0.040625 0.04375
1 0.884375 0.01875 0.04375 0.0375
1 0.9765625 0.021875 0.04375 0.04375
2 0.7578125 0.07109375 0.0296875 0.028125
1 0.02109375 0.7390625 0.0421875 0.096875
1 0.52578125 0.696875 0.0921875 0.140625
1 0.7125 0.59453125 0.1609375 0.171875
1 0.94375 0.5625 0.109375 0.1875