1 0.475 0.09453125 0.021875 0.0296875
1 0.39609375 0.11953125 0.034375 0.03125
1 0.359375 0.06875 0.025 0.03125
1 0.421875 0.06015625 0.01875 0.021875
1 0.30390625 0.19453125 0.10625 0.1265625
1 0.190625 0.0859375 0.021875 0.021875
1 0.303125 0.06171875 0.01875 0.01875
1 0.14921875 0.13359375 0.0375 0.0390625
1 0.04921875 0.12421875 0.0578125 0.065625
1 0.1015625 0.0875 0.0140625 0.021875
1 0.1453125 0.08203125 0.0171875 0.0140625
1 0.01171875 0.05703125 0.0234375 0.0265625
1 0.8890625 0.0890625 0.0890625 0.0890625
1 0.80078125 0.04375 0.0765625 0.0859375
1 0.65859375 0.06328125 0.0609375 0.0703125
1 0.58203125 0.05546875 0.078125 0.0890625
1 0.36640625 0.834375 0.115625 0.10625
1 0.05703125 0.75546875 0.1140625 0.1078125
1 0.91484375 0.675 0.0765625 0.0890625
1 0.80546875 0.60078125 0.0734375 0.0859375
1 0.72265625 0.853125 0.05625 0.0734375