1 0.02265625 0.31484375 0.0453125 0.1546875
1 0.278125 0.29921875 0.325 0.2765625
1 0.48828125 0.19453125 0.0390625 0.1734375
1 0.79140625 0.2515625 0.1890625 0.1984375
1 0.4203125 0.65390625 0.1140625 0.115625
1 0.0015625 0.65078125 0.003125 0.0234375
1 0.1078125 0.62734375 0.0171875 0.0203125
1 0.1375 0.61484375 0.021875 0.021875
1 0.24453125 0.61015625 0.0171875 0.0265625
2 0.21171875 0.5953125 0.025 0.028125
1 0.296875 0.584375 0.0203125 0.028125
1 0.3578125 0.578125 0.0234375 0.0296875
1 0.61640625 0.8859375 0.1296875 0.1328125
1 0.70546875 0.92734375 0.0921875 0.0921875
1 0.71953125 0.8 0.0859375 0.0859375
1 0.81328125 0.90234375 0.1296875 0.1328125
1 0.959375 0.9375 0.078125 0.121875
1 0.9703125 0.6984375 0.05625 0.084375