1 0.59296875 0.23671875 0.0296875 0.0765625
1 0.52421875 0.24921875 0.0671875 0.0515625
1 0.47109375 0.246875 0.0703125 0.075
1 0.228125 0.2 0.0734375 0.1
1 0.0828125 0.2265625 0.08125 0.0953125
1 0.028125 0.39765625 0.05625 0.1078125
1 0.09140625 0.46328125 0.0890625 0.084375
1 0.290625 0.471875 0.08125 0.0875
1 0.3859375 0.41171875 0.078125 0.1015625
1 0.55078125 0.49140625 0.096875 0.0859375
0 0.696875 0.25703125 0.125 0.14375
1 0.3125 0.8 0.1671875 0.1734375
1 0.01328125 0.75390625 0.0265625 0.1296875
1 0.8265625 0.82421875 0.34375 0.3484375