1 0.7140625 0.34453125 0.0484375 0.053125
1 0.63359375 0.33515625 0.021875 0.03125
1 0.5546875 0.38515625 0.0453125 0.0453125
2 0.4703125 0.271875 0.0296875 0.0328125
1 0.4453125 0.28671875 0.0390625 0.0359375
0 0.40546875 0.303125 0.0328125 0.0296875
2 0.4375 0.34375 0.0359375 0.0390625
1 0.48828125 0.359375 0.0421875 0.0375
1 0.3953125 0.35859375 0.04375 0.04375
1 0.3484375 0.33125 0.040625 0.046875
1 0.25390625 0.3234375 0.034375 0.034375
1 0.309375 0.3875 0.0453125 0.0484375
1 0.29375 0.4390625 0.05 0.05625
1 0.2015625 0.32578125 0.04375 0.04375
2 0.26640625 0.56640625 0.0546875 0.0421875
1 0.22421875 0.25546875 0.0296875 0.028125
1 0.27421875 0.22421875 0.025 0.0296875
1 0.1765625 0.26640625 0.028125 0.0296875
1 0.0578125 0.234375 0.028125 0.028125
1 0.00546875 0.25078125 0.0109375 0.0234375
1 0.7796875 0.0234375 0.08125 0.046875
2 0.9609375 0.04609375 0.065625 0.0671875
1 0.2671875 0.92421875 0.46875 0.1484375
1 0.85703125 0.72890625 0.0765625 0.09375
1 0.78046875 0.778125 0.0828125 0.09375