1 0.4921875 0.13203125 0.05 0.0578125
2 0.39765625 0.12421875 0.0484375 0.0515625
1 0.4671875 0.2140625 0.071875 0.08125
2 0.221875 0.20234375 0.0390625 0.05
2 0.25625 0.24375 0.0625 0.0625
1 0.3015625 0.35546875 0.0796875 0.0875
1 0.12890625 0.14609375 0.0609375 0.071875
1 0.00625 0.1703125 0.0125 0.0625
1 0.02734375 0.3671875 0.0546875 0.078125
1 0.75390625 0.3984375 0.3171875 0.3171875
1 0.4765625 0.92578125 0.08125 0.1234375
1 0.01484375 0.97890625 0.0296875 0.0390625
1 0.771875 0.65703125 0.084375 0.1