1 0.5453125 0.05390625 0.059375 0.0578125
1 0.31875 0.046875 0.059375 0.0578125
2 0.17265625 0.01640625 0.0359375 0.0328125
1 0.9859375 0.2421875 0.025 0.05
1 0.91171875 0.2328125 0.0765625 0.0640625
1 0.678125 0.18984375 0.059375 0.0734375
2 0.6265625 0.23359375 0.015625 0.0296875
0 0.49609375 0.70234375 0.0625 0.0796875
1 0.346875 0.746875 0.0515625 0.065625
1 0.046875 0.68046875 0.0453125 0.053125
1 0.9921875 0.60078125 0.0125 0.0453125
1 0.94609375 0.6109375 0.040625 0.046875
1 0.83828125 0.609375 0.04375 0.046875
1 0.71484375 0.58359375 0.040625 0.04375
1 0.63203125 0.5953125 0.0265625 0.040625