1 0.6328125 0.1203125 0.084375 0.096875
1 0.51640625 0.0765625 0.06875 0.090625
1 0.58125 0.03203125 0.059375 0.0640625
1 0.4078125 0.11484375 0.0640625 0.1046875
1 0.45859375 0.29296875 0.096875 0.0671875
1 0.3046875 0.26640625 0.1140625 0.10625
1 0.328125 0.01796875 0.075 0.0359375
1 0.20234375 0.015625 0.0640625 0.03125
1 0.15625 0.19921875 0.0859375 0.0859375
1 0.11171875 0.09296875 0.0671875 0.0953125
1 0.97109375 0.0296875 0.0546875 0.059375
1 0.328125 0.66328125 0.2203125 0.2296875
1 0.83046875 0.81953125 0.04375 0.0453125