1 0.27421875 0.42421875 0.1609375 0.1859375
1 0.08359375 0.41796875 0.1671875 0.1890625
1 0.9890625 0.43828125 0.01875 0.0703125
1 0.8515625 0.4859375 0.0546875 0.0640625
1 0.8296875 0.31875 0.0625 0.0671875
1 0.7359375 0.315625 0.059375 0.075
1 0.65625 0.1828125 0.04375 0.0546875
1 0.5890625 0.37734375 0.040625 0.0640625
1 0.5015625 0.78125 0.13125 0.15625
1 0.2984375 0.871875 0.2 0.2
1 0.184375 0.58125 0.1015625 0.11875
1 0.01015625 0.58671875 0.0203125 0.1359375
1 0.02734375 0.89296875 0.0546875 0.1578125
1 0.678125 0.85 0.096875 0.10625