1 0.19921875 0.28203125 0.09375 0.1046875
2 0.37421875 0.096875 0.0359375 0.0390625
2 0.0453125 0.1234375 0.0296875 0.0328125
1 0.578125 0.3703125 0.0546875 0.0546875
1 0.8125 0.3890625 0.0453125 0.05
1 0.378125 0.74765625 0.2 0.2140625
1 0.49609375 0.79609375 0.0328125 0.0953125
1 0.50390625 0.73984375 0.0484375 0.0828125
1 0.64765625 0.74140625 0.0921875 0.09375
1 0.80234375 0.63828125 0.0578125 0.059375
1 0.88984375 0.73671875 0.0984375 0.1046875
1 0.9390625 0.7 0.040625 0.0640625
1 0.978125 0.65078125 0.040625 0.0578125