1 0.04609375 0.27421875 0.08125 0.0828125
1 0.26875 0.40546875 0.08125 0.0640625
1 0.16875 0.40078125 0.0578125 0.065625
1 0.621875 0.1484375 0.2203125 0.221875
2 0.4140625 0.86796875 0.0484375 0.04375
2 0.41171875 0.7296875 0.0421875 0.04375
2 0.409375 0.6359375 0.046875 0.04375
2 0.41640625 0.57890625 0.0375 0.0296875
2 0.3828125 0.54140625 0.034375 0.0328125
2 0.38359375 0.46328125 0.0390625 0.0390625
1 0.15546875 0.46015625 0.0296875 0.028125
2 0.115625 0.48671875 0.021875 0.028125
2 0.13359375 0.5203125 0.025 0.0328125
2 0.12265625 0.57421875 0.0328125 0.034375
2 0.1390625 0.6328125 0.0421875 0.0390625
2 0.09921875 0.6734375 0.034375 0.0296875
2 0.0765625 0.784375 0.0375 0.0296875
2 0.05390625 0.83828125 0.046875 0.046875
2 0.0859375 0.83125 0.0171875 0.028125
1 0.0609375 0.53671875 0.034375 0.0328125
2 0.0265625 0.559375 0.0390625 0.0421875
2 0.02578125 0.50078125 0.0375 0.0359375
2 0.0546875 0.5015625 0.028125 0.0328125
2 0.01015625 0.67265625 0.0203125 0.0390625
1 0.6234375 0.671875 0.1515625 0.165625