1 0.35546875 0.009375 0.0421875 0.01875
1 0.21953125 0.03984375 0.0359375 0.0390625
1 0.0390625 0.01875 0.021875 0.0375
1 0.840625 0.159375 0.0453125 0.0515625
1 0.70625 0.14609375 0.053125 0.053125
1 0.50078125 0.09609375 0.00625 0.00625
1 0.59296875 0.10859375 0.0015625 0.0046875
1 0.56953125 0.10625 0.0046875 0.0046875
1 0.56640625 0.1046875 0.0046875 0.00625
1 0.54609375 0.1 0.0015625 0.0046875
1 0.53515625 0.10078125 0.0015625 0.0046875
1 0.11796875 0.38984375 0.0859375 0.0609375
1 0.01015625 0.365625 0.0203125 0.0125
1 0.27421875 0.38828125 0.0765625 0.0578125
1 0.36328125 0.390625 0.0640625 0.0625
1 0.46640625 0.38046875 0.0421875 0.0421875