0 0.1296875 0.2328125 0.06875 0.0765625
2 0.98984375 0.28984375 0.0171875 0.0453125
1 0.9109375 0.3046875 0.03125 0.0296875
1 0.66015625 0.3765625 0.1609375 0.203125
1 0.240625 0.6921875 0.290625 0.334375
1 0.915625 0.61875 0.034375 0.034375
1 0.8578125 0.73671875 0.0453125 0.0421875
1 0.73125 0.61640625 0.034375 0.0328125
1 0.69140625 0.65859375 0.0421875 0.0453125
1 0.6046875 0.8078125 0.05 0.0625
1 0.646875 0.6203125 0.040625 0.040625
1 0.59140625 0.63203125 0.0234375 0.0390625
2 0.68125 0.6140625 0.0265625 0.0203125