1 0.1890625 0.265625 0.378125 0.53125
1 0.68359375 0.06640625 0.0984375 0.0984375
1 0.4703125 0.04765625 0.096875 0.0953125
1 0.0734375 0.82890625 0.05 0.0578125
1 0.296875 0.68203125 0.0484375 0.0484375
1 0.96796875 0.76953125 0.0609375 0.0828125
1 0.98515625 0.9234375 0.0265625 0.078125
1 0.9265625 0.6953125 0.0546875 0.06875
1 0.8640625 0.66875 0.0546875 0.0625
1 0.8703125 0.98515625 0.071875 0.0265625
1 0.66171875 0.6671875 0.0859375 0.0890625
1 0.50546875 0.5734375 0.0859375 0.046875
1 0.4375 0.5828125 0.071875 0.065625