2 0.44921875 0.21875 0.1171875 0.125
1 0.1828125 0.11953125 0.1046875 0.153125
1 0.05390625 0.11875 0.1078125 0.16875
1 0.796875 0.2765625 0.221875 0.221875
1 0.02109375 0.75 0.0421875 0.096875
1 0.0671875 0.7484375 0.0796875 0.084375
1 0.13984375 0.72890625 0.0765625 0.078125
1 0.2453125 0.74375 0.06875 0.075
1 0.28828125 0.73671875 0.040625 0.0703125
1 0.321875 0.7484375 0.040625 0.059375
1 0.38203125 0.6953125 0.0609375 0.0640625
1 0.42421875 0.72890625 0.059375 0.059375
1 0.98203125 0.4109375 0.0328125 0.04375
1 0.8703125 0.4671875 0.0578125 0.0609375
1 0.646875 0.42109375 0.065625 0.0640625