1 0.46015625 0.34296875 0.0546875 0.2609375
1 0.3390625 0.159375 0.165625 0.1578125
1 0.0859375 0.125 0.171875 0.25
1 0.88671875 0.1515625 0.0890625 0.0953125
2 0.69140625 0.215625 0.06875 0.06875
2 0.415625 0.59375 0.065625 0.0703125
2 0.35234375 0.66015625 0.0640625 0.05625
2 0.34921875 0.75078125 0.06875 0.0734375
2 0.28984375 0.58125 0.0609375 0.0703125
2 0.20546875 0.728125 0.0765625 0.0859375
1 0.09609375 0.74609375 0.090625 0.103125
2 0.0140625 0.6046875 0.028125 0.071875
2 0.05546875 0.5875 0.05625 0.0515625
1 0.7765625 0.88828125 0.240625 0.2203125