1 0.98125 0.21953125 0.034375 0.0390625
1 0.94609375 0.1125 0.040625 0.046875
1 0.90625 0.06640625 0.0375 0.0375
1 0.8359375 0.0875 0.0453125 0.040625
1 0.7890625 0.08125 0.034375 0.0328125
1 0.684375 0.05703125 0.034375 0.040625
1 0.61875 0.05859375 0.0375 0.040625
1 0.53828125 0.01875 0.0390625 0.0375
2 0.94296875 0.0640625 0.028125 0.028125
2 0.72265625 0.06640625 0.0328125 0.0421875
2 0.8609375 0.0671875 0.0375 0.040625
2 0.36640625 0.671875 0.2609375 0.3328125
1 0.63984375 0.65 0.2609375 0.340625