1 0.203125 0.346875 0.1828125 0.21875
1 0.41328125 0.0265625 0.0359375 0.0390625
1 0.50390625 0.0265625 0.0390625 0.0390625
1 0.60625 0.00859375 0.0375 0.0171875
1 0.7125 0.01328125 0.040625 0.0265625
1 0.8390625 0.00625 0.0375 0.0125
1 0.9265625 0.01484375 0.034375 0.0296875
1 0.0796875 0.73203125 0.1140625 0.0953125
0 0.26015625 0.73359375 0.1390625 0.15
1 0.40625 0.66640625 0.053125 0.0609375
1 0.41953125 0.62421875 0.028125 0.028125
1 0.45703125 0.65078125 0.0453125 0.040625
1 0.4828125 0.63203125 0.01875 0.0359375
1 0.51171875 0.76640625 0.05 0.0546875
1 0.52890625 0.6421875 0.03125 0.0359375
1 0.5765625 0.63828125 0.03125 0.040625
1 0.61015625 0.6421875 0.0453125 0.0484375
1 0.665625 0.65546875 0.040625 0.0453125
1 0.70390625 0.6703125 0.05 0.0578125
1 0.76640625 0.6796875 0.0578125 0.0625
1 0.7671875 0.59375 0.03125 0.04375
1 0.81640625 0.61875 0.04375 0.0453125
2 0.85703125 0.6171875 0.040625 0.0359375
1 0.93125 0.60078125 0.04375 0.04375
1 0.9796875 0.60859375 0.0375 0.0546875
1 0.88828125 0.6125 0.0234375 0.028125