1 0.0296875 0.1359375 0.0421875 0.0421875
1 0.159375 0.19453125 0.0375 0.0390625
1 0.3421875 0.19375 0.021875 0.040625
1 0.45234375 0.259375 0.0328125 0.0265625
1 0.49765625 0.22734375 0.0203125 0.0421875
1 0.5203125 0.35859375 0.021875 0.0765625
1 0.584375 0.3046875 0.06875 0.071875
0 0.62734375 0.265625 0.0546875 0.059375
2 0.56640625 0.115625 0.0453125 0.0453125
1 0.559375 0.03828125 0.0421875 0.0578125
1 0.5171875 0.01875 0.015625 0.0375
1 0.7375 0.01171875 0.059375 0.0234375
1 0.73359375 0.13828125 0.046875 0.0578125
1 0.82421875 0.4078125 0.0734375 0.06875
1 0.9703125 0.309375 0.05625 0.05625
1 0.9890625 0.3609375 0.01875 0.06875
1 0.96875 0.1140625 0.059375 0.059375
1 0.96171875 0.025 0.0671875 0.05
1 0.04921875 0.64375 0.0578125 0.053125
1 0.121875 0.79453125 0.046875 0.0453125
1 0.30390625 0.69296875 0.05 0.046875
1 0.44765625 0.6984375 0.0359375 0.03125
1 0.403125 0.715625 0.028125 0.03125
1 0.13359375 0.6453125 0.0265625 0.028125
1 0.18046875 0.66875 0.0203125 0.0234375
1 0.23046875 0.67578125 0.0203125 0.0203125
1 0.8625 0.834375 0.246875 0.328125