1 0.46640625 0.02890625 0.0859375 0.0578125
1 0.7328125 0.21796875 0.0765625 0.090625
1 0.90859375 0.1765625 0.1 0.121875
1 0.96953125 0.23828125 0.0578125 0.0796875
1 0.05078125 0.90078125 0.0421875 0.0578125
1 0.0984375 0.93828125 0.0625 0.0578125
1 0.16640625 0.86796875 0.0453125 0.053125
2 0.2140625 0.88125 0.0578125 0.0625
1 0.2734375 0.9484375 0.08125 0.090625
2 0.2734375 0.8359375 0.046875 0.0484375
2 0.353125 0.8296875 0.053125 0.059375
2 0.471875 0.86875 0.05 0.0546875
1 0.43828125 0.93203125 0.05 0.0578125
1 0.5109375 0.925 0.053125 0.0703125
1 0.65703125 0.8875 0.0421875 0.053125
0 0.5546875 0.95234375 0.0703125 0.0703125
2 0.5859375 0.87265625 0.03125 0.0359375