1 0.1375 0.025 0.059375 0.05
1 0.2203125 0.02421875 0.05625 0.0484375
1 0.3375 0.0265625 0.059375 0.053125
1 0.4671875 0.0421875 0.053125 0.059375
1 0.5265625 0.065625 0.053125 0.0578125
1 0.61875 0.01171875 0.0375 0.0234375
1 0.7484375 0.16953125 0.078125 0.0984375
1 0.73046875 0.02265625 0.0421875 0.0453125
1 0.8640625 0.13984375 0.0703125 0.0921875
1 0.80703125 0.0828125 0.059375 0.071875
1 0.96640625 0.1921875 0.0640625 0.10625
1 0.896875 0.346875 0.1 0.040625
1 0.9765625 0.02578125 0.04375 0.0515625
1 0.678125 0.45078125 0.059375 0.0953125
1 0.43984375 0.465625 0.028125 0.0390625
1 0.5125 0.471875 0.04375 0.0328125
1 0.54765625 0.4671875 0.0234375 0.028125
0 0.8765625 0.7515625 0.0234375 0.0265625