2 0.4875 0.05390625 0.040625 0.0828125
0 0.28046875 0.05078125 0.0890625 0.084375
2 0.44140625 0.2234375 0.1078125 0.0859375
0 0.29609375 0.2171875 0.103125 0.1234375
2 0.15 0.21953125 0.096875 0.103125
1 0.1609375 0.36796875 0.0734375 0.1078125
1 0.85546875 0.2109375 0.0703125 0.078125
1 0.5375 0.15703125 0.05625 0.0765625
1 0.25390625 0.81015625 0.5078125 0.3765625
1 0.98359375 0.88203125 0.0296875 0.0359375
1 0.875 0.84921875 0.0421875 0.046875
1 0.703125 0.840625 0.04375 0.046875
1 0.61015625 0.85390625 0.0359375 0.046875