2 0.1203125 0.13984375 0.240625 0.2796875
1 0.91015625 0.1140625 0.040625 0.0453125
1 0.83828125 0.2984375 0.0421875 0.0421875
1 0.62265625 0.58203125 0.0109375 0.0609375
1 0.621875 0.53984375 0.0125 0.0296875
1 0.5921875 0.56484375 0.046875 0.0421875
1 0.5671875 0.54609375 0.0203125 0.0359375
1 0.5359375 0.6796875 0.05 0.0546875
1 0.52109375 0.55546875 0.03125 0.0359375
1 0.47265625 0.55 0.0328125 0.040625
1 0.4390625 0.55390625 0.0453125 0.05
1 0.38359375 0.565625 0.0421875 0.046875
1 0.3453125 0.58046875 0.05 0.0578125
1 0.28203125 0.58828125 0.059375 0.0625
1 0.28359375 0.50234375 0.0328125 0.04375
1 0.2328125 0.52734375 0.0453125 0.046875
2 0.1921875 0.52421875 0.040625 0.0375
1 0.11875 0.50625 0.0453125 0.0453125
1 0.06328125 0.5140625 0.05 0.053125
1 0.16171875 0.51875 0.0234375 0.028125
1 0.91953125 0.59375 0.1578125 0.25