1 0.04765625 0.3078125 0.0953125 0.221875
1 0.1953125 0.22109375 0.203125 0.228125
1 0.55078125 0.11875 0.009375 0.00625
2 0.61015625 0.11953125 0.01875 0.0171875
1 0.69375 0.09765625 0.05625 0.05625
1 0.81484375 0.1453125 0.0515625 0.0484375
1 0.975 0.1640625 0.0375 0.03125
2 0.89296875 0.1375 0.01875 0.0171875
1 0.17578125 0.5390625 0.009375 0.00625
2 0.23515625 0.53984375 0.01875 0.0171875
1 0.31875 0.51796875 0.05625 0.05625
1 0.64453125 0.6875 0.0515625 0.053125
1 0.78125 0.7140625 0.0296875 0.03125
2 0.8203125 0.7 0.03125 0.034375
2 0.84140625 0.75390625 0.03125 0.025
0 0.890625 0.715625 0.03125 0.0421875
1 0.99296875 0.7 0.0109375 0.028125
2 0.72734375 0.75 0.0265625 0.021875