1 0.0921875 0.05859375 0.0609375 0.0484375
1 0.10078125 0.215625 0.0578125 0.065625
0 0.009375 0.35546875 0.01875 0.0640625
1 0.31875 0.0671875 0.06875 0.0578125
1 0.32734375 0.175 0.0640625 0.0640625
1 0.3375 0.37890625 0.059375 0.0171875
1 0.4921875 0.07109375 0.0609375 0.05625
1 0.46640625 0.225 0.05625 0.0640625
1 0.565625 0.07421875 0.04375 0.0734375
1 0.93125 0.065625 0.134375 0.13125
1 0.28203125 0.82265625 0.0578125 0.06875
1 0.284375 0.70546875 0.078125 0.0421875
1 0.5390625 0.9484375 0.0625 0.0890625
1 0.47421875 0.86484375 0.0421875 0.0765625
0 0.16640625 0.6921875 0.0328125 0.03125
2 0.41015625 0.6859375 0.0265625 0.0328125
2 0.47578125 0.78984375 0.0390625 0.0359375
2 0.65859375 0.87890625 0.0453125 0.040625
2 0.68203125 0.7421875 0.0390625 0.040625
2 0.59296875 0.671875 0.0078125 0.0375
2 0.69921875 0.65078125 0.04375 0.040625
2 0.60234375 0.5875 0.0265625 0.040625
2 0.7015625 0.59296875 0.0359375 0.0265625
2 0.73984375 0.56171875 0.0328125 0.03125
2 0.60546875 0.4984375 0.0328125 0.034375
2 0.6390625 0.46875 0.0265625 0.0234375
2 0.75234375 0.48359375 0.0359375 0.0359375
2 0.66328125 0.39921875 0.0328125 0.0203125
2 0.7515625 0.40703125 0.0359375 0.0359375
2 0.9390625 0.40859375 0.01875 0.025
2 0.98984375 0.42265625 0.0171875 0.0296875
2 0.9921875 0.45703125 0.0125 0.0296875
1 0.978125 0.51640625 0.028125 0.0265625
2 0.98828125 0.5796875 0.0203125 0.03125
2 0.9875 0.634375 0.021875 0.034375
2 0.9671875 0.68984375 0.0390625 0.0359375
2 0.990625 0.73671875 0.015625 0.0296875
2 0.99296875 0.85 0.0109375 0.028125
2 0.98828125 0.89375 0.015625 0.0265625