1 0.44375 0.0296875 0.046875 0.0546875
2 0.40859375 0.1609375 0.0515625 0.0515625
1 0.78671875 0.271875 0.2734375 0.13125
1 0.6390625 0.715625 0.01875 0.090625
2 0.48828125 0.82890625 0.1546875 0.178125
2 0.6296875 0.653125 0.0375 0.05625
1 0.575 0.61875 0.05625 0.0484375
1 0.50859375 0.61484375 0.0640625 0.053125
1 0.43359375 0.64921875 0.0546875 0.0484375
1 0.39296875 0.69453125 0.0625 0.065625
1 0.31875 0.70859375 0.071875 0.053125
2 0.3890625 0.5875 0.0375 0.0421875
1 0.46875 0.53828125 0.0234375 0.0234375
1 0.3828125 0.53828125 0.028125 0.028125
1 0.196875 0.77109375 0.1015625 0.096875
1 0.5875 0.5734375 0.046875 0.0421875
1 0.27109375 0.5375 0.015625 0.01875
1 0.10234375 0.9875 0.0796875 0.021875
1 0.04375 0.83515625 0.0875 0.1078125
1 0.0375 0.6921875 0.0734375 0.0625
1 0.053125 0.76796875 0.0421875 0.0546875
1 0.08125 0.6421875 0.0484375 0.0609375
1 0.8765625 0.36875 0.034375 0.0375
1 0.728125 0.3796875 0.03125 0.046875