1 0.1546875 0.44375 0.275 0.209375
1 0.8390625 0.00703125 0.028125 0.0140625
1 0.99296875 0.04453125 0.0109375 0.0328125
1 0.8703125 0.0421875 0.03125 0.0359375
1 0.85 0.08828125 0.03125 0.03125
1 0.9125 0.13984375 0.0328125 0.03125
1 0.98828125 0.2765625 0.0203125 0.040625
1 0.98203125 0.33046875 0.0328125 0.0453125
1 0.91484375 0.51640625 0.0453125 0.0390625
1 0.83125 0.271875 0.040625 0.0359375
1 0.8078125 0.17578125 0.03125 0.0328125
1 0.78828125 0.484375 0.0453125 0.0484375
1 0.71875 0.31640625 0.0390625 0.0453125
1 0.6484375 0.0109375 0.028125 0.021875
1 0.625 0.04921875 0.03125 0.03125
1 0.5609375 0.021875 0.028125 0.03125
1 0.58828125 0.08046875 0.03125 0.03125
1 0.49296875 0.07578125 0.0328125 0.03125
1 0.52109375 0.115625 0.0359375 0.040625
1 0.55859375 0.215625 0.0359375 0.0390625
1 0.6078125 0.2734375 0.0359375 0.04375
1 0.44921875 0.47890625 0.04375 0.0484375