1 0.45546875 0.21796875 0.0453125 0.0390625
1 0.55859375 0.2703125 0.01875 0.021875
1 0.378125 0.23984375 0.028125 0.028125
1 0.29140625 0.23125 0.0390625 0.0453125
1 0.184375 0.23984375 0.040625 0.0484375
1 0.009375 0.2359375 0.01875 0.05
1 0.13125 0.28125 0.009375 0.0125
1 0.96640625 0.26953125 0.0640625 0.0671875
1 0.84296875 0.26015625 0.0703125 0.0703125
1 0.7515625 0.2796875 0.0640625 0.0453125
1 0.6984375 0.2828125 0.0640625 0.06875
1 0.30078125 0.94765625 0.3015625 0.1015625
1 0.7359375 0.68203125 0.1171875 0.1203125