1 0.0515625 0.4890625 0.103125 0.1375
1 0.10234375 0.325 0.1078125 0.1390625
1 0.2859375 0.38203125 0.1671875 0.1796875
1 0.165625 0.23515625 0.125 0.153125
1 0.48046875 0.47421875 0.2328125 0.1671875
1 0.62109375 0.24296875 0.0921875 0.1390625
1 0.10078125 0.734375 0.0578125 0.0640625
1 0.05625 0.68828125 0.034375 0.0390625
1 0.12421875 0.696875 0.0296875 0.0296875
1 0.15546875 0.73046875 0.05 0.0453125
1 0.184375 0.71796875 0.021875 0.0359375
1 0.184375 0.85546875 0.0546875 0.0578125
1 0.22734375 0.7375 0.034375 0.0390625
1 0.275 0.74296875 0.0359375 0.04375
1 0.30703125 0.7546875 0.0484375 0.053125
1 0.35859375 0.778125 0.0453125 0.05
1 0.39296875 0.8015625 0.0546875 0.0609375
1 0.45234375 0.8234375 0.0640625 0.0671875
1 0.4703125 0.7390625 0.0359375 0.046875
1 0.5140625 0.775 0.0484375 0.05
2 0.55390625 0.78125 0.04375 0.040625
1 0.63046875 0.78046875 0.0484375 0.0484375
1 0.6609375 0.80078125 0.0125 0.0578125
1 0.58515625 0.7828125 0.025 0.0296875
1 0.69609375 0.74140625 0.0546875 0.1015625