1 0.115625 0.5640625 0.1 0.05
1 0.334375 0.1359375 0.109375 0.0890625
0 0.4984375 0.14765625 0.1 0.1453125
1 0.7703125 0.346875 0.2375 0.321875
1 0.0171875 0.646875 0.034375 0.015625
1 0.059375 0.7640625 0.0515625 0.0546875
1 0.134375 0.64375 0.03125 0.009375
1 0.16953125 0.6484375 0.0453125 0.01875
1 0.2203125 0.65625 0.04375 0.034375
1 0.2578125 0.66875 0.0421875 0.05
1 0.3203125 0.68125 0.05625 0.059375
1 0.08515625 0.6453125 0.0359375 0.0125
1 0.55625 0.72734375 0.0125 0.0515625
1 0.6375 0.7375 0.0671875 0.0765625
2 0.9 0.740625 0.0421875 0.046875
2 0.8375 0.7359375 0.0375 0.046875
2 0.759375 0.7375 0.0421875 0.0625