1 0.26015625 0.27890625 0.1390625 0.15
2 0.4359375 0.22265625 0.134375 0.1828125
1 0.40859375 0.01875 0.0671875 0.0375
1 0.48203125 0.0453125 0.05625 0.05
1 0.52109375 0.0921875 0.0640625 0.0671875
1 0.59453125 0.10859375 0.0734375 0.05625
2 0.528125 0.0046875 0.040625 0.009375
1 0.71484375 0.17578125 0.103125 0.1
1 0.80078125 0.440625 0.08125 0.1125
1 0.8703125 0.2453125 0.1 0.1078125
1 0.8765625 0.10234375 0.075 0.065625
1 0.8578125 0.17734375 0.04375 0.05625
1 0.834375 0.05078125 0.05 0.0609375
1 0.93046875 0.04375 0.0359375 0.0421875
1 0.15625 0.80078125 0.090625 0.13125
1 0.49453125 0.72578125 0.1421875 0.1421875
1 0.65625 0.890625 0.153125 0.1421875
1 0.9515625 0.77578125 0.09375 0.1421875