1 0.32890625 0.19375 0.05 0.05
1 0.24453125 0.1421875 0.0875 0.0921875
1 0.1484375 0.13046875 0.0453125 0.059375
1 0.05390625 0.18046875 0.03125 0.03125
1 0.00625 0.14609375 0.0125 0.0546875
1 0.94609375 0.59453125 0.1046875 0.1328125
1 0.84296875 0.48046875 0.0234375 0.0234375
1 0.95703125 0.46171875 0.0203125 0.0203125
1 0.79921875 0.52578125 0.040625 0.0421875
1 0.7 0.51171875 0.0609375 0.0671875
1 0.75390625 0.47734375 0.015625 0.0234375
1 0.7984375 0.47421875 0.01875 0.015625
1 0.6640625 0.44140625 0.0265625 0.0265625
1 0.54375 0.4625 0.0265625 0.0203125
1 0.49609375 0.496875 0.0234375 0.0265625
1 0.58515625 0.446875 0.0109375 0.0125
1 0.54609375 0.42578125 0.015625 0.015625
1 0.5171875 0.4375 0.0140625 0.0140625
1 0.46875 0.4640625 0.0203125 0.0265625