1 0.02421875 0.06328125 0.009375 0.00625
2 0.08359375 0.0671875 0.0203125 0.01875
1 0.16796875 0.04921875 0.0578125 0.0578125
1 0.2859375 0.103125 0.053125 0.05
1 0.4453125 0.13046875 0.0390625 0.034375
2 0.36484375 0.09921875 0.0203125 0.01875
1 0.5625 0.025 0.0421875 0.0453125
1 0.83828125 0.02890625 0.053125 0.053125
1 0.440625 0.79375 0.1140625 0.1171875
1 0.2421875 0.6796875 0.103125 0.10625
1 0.06015625 0.6828125 0.0734375 0.071875
1 0.57578125 0.6859375 0.0734375 0.08125
2 0.71328125 0.62421875 0.0546875 0.046875
2 0.703125 0.70390625 0.06875 0.06875