1 0.003125 0.615625 0.00625 0.021875
1 0.03515625 0.43828125 0.028125 0.0328125
2 0.02421875 0.51171875 0.028125 0.0296875
2 0.0765625 0.55234375 0.021875 0.0265625
1 0.0203125 0.3671875 0.028125 0.028125
1 0.07265625 0.365625 0.015625 0.0265625
2 0.02734375 0.30703125 0.025 0.025
1 0.18203125 0.52578125 0.0328125 0.034375
1 0.2609375 0.63359375 0.034375 0.034375
1 0.20703125 0.4859375 0.028125 0.0328125
2 0.1921875 0.4078125 0.021875 0.0234375
1 0.165625 0.371875 0.021875 0.0265625
1 0.2671875 0.403125 0.021875 0.0265625
1 0.29609375 0.5171875 0.0234375 0.034375
1 0.3015625 0.57421875 0.0125 0.0390625
1 0.2453125 0.33984375 0.0296875 0.028125
1 0.11171875 0.29140625 0.0234375 0.0203125
2 0.096875 0.27109375 0.021875 0.0234375
2 0.1578125 0.2921875 0.028125 0.028125
2 0.19140625 0.27421875 0.0203125 0.0203125
1 0.26171875 0.28125 0.025 0.025
1 0.2359375 0.246875 0.028125 0.025
1 0.14296875 0.18515625 0.01875 0.0203125
1 0.178125 0.1640625 0.015625 0.0203125
1 0.2109375 0.22578125 0.01875 0.0203125
1 0.28671875 0.21171875 0.0203125 0.01875
1 0.1296875 0.2578125 0.01875 0.0203125
1 0.19296875 0.14296875 0.015625 0.01875
2 0.28359375 0.14921875 0.0140625 0.01875
1 0.30546875 0.1375 0.0046875 0.021875
1 0.4140625 0.30234375 0.1265625 0.1546875
1 0.5125 0.35234375 0.1 0.1109375