1 0.11484375 0.0546875 0.09375 0.090625
1 0.04375 0.25234375 0.08125 0.08125
1 0.2421875 0.07265625 0.090625 0.0984375
1 0.2375 0.271875 0.08125 0.071875
1 0.45 0.14375 0.09375 0.10625
1 0.475 0.30546875 0.0859375 0.096875
1 0.51875 0.1140625 0.059375 0.0875
1 0.684375 0.484375 0.1125 0.10625
1 0.85390625 0.478125 0.1265625 0.11875
1 0.03984375 0.6734375 0.040625 0.0421875
1 0.1046875 0.6796875 0.0640625 0.0671875
1 0.1359375 0.7390625 0.06875 0.0734375
1 0.2125 0.66953125 0.040625 0.040625
1 0.28984375 0.6546875 0.05 0.05
1 0.35546875 0.6609375 0.06875 0.06875
1 0.39453125 0.6125 0.0453125 0.053125
1 0.825 0.8921875 0.325 0.2125