1 0.06484375 0.39140625 0.0265625 0.0140625
1 0.00625 0.390625 0.0125 0.015625
1 0.1390625 0.36015625 0.028125 0.0234375
1 0.2578125 0.3828125 0.0265625 0.0203125
1 0.25390625 0.34765625 0.01875 0.01875
1 0.28125 0.3578125 0.01875 0.0140625
1 0.3328125 0.3828125 0.0203125 0.0234375
2 0.0984375 0.36328125 0.015625 0.015625
1 0.43984375 0.2734375 0.0609375 0.0703125
1 0.6609375 0.296875 0.0625 0.0546875
2 0.809375 0.23046875 0.0375 0.0390625
2 0.91640625 0.25078125 0.0375 0.0453125
1 0.4640625 0.771875 0.08125 0.0921875
1 0.715625 0.7859375 0.06875 0.071875