1 0.0140625 0.24765625 0.028125 0.0328125
1 0.09921875 0.25625 0.04375 0.05
1 0.2015625 0.28671875 0.046875 0.053125
1 0.3796875 0.3203125 0.034375 0.05
1 0.52890625 0.33671875 0.04375 0.0484375
1 0.24453125 0.3390625 0.0109375 0.0140625
1 0.52421875 0.58203125 0.0671875 0.0453125
1 0.32265625 0.61484375 0.0953125 0.1109375
1 0.14375 0.578125 0.065625 0.0375
1 0.44453125 0.59765625 0.084375 0.0765625
2 0.17890625 0.56875 0.0828125 0.01875
1 0.67578125 0.6578125 0.0484375 0.0453125
1 0.8125 0.56328125 0.0375 0.0078125
1 0.84921875 0.59453125 0.0453125 0.0484375
1 0.9265625 0.75078125 0.0609375 0.0640625
1 0.89609375 0.57109375 0.0453125 0.0234375
1 0.959375 0.57890625 0.040625 0.0390625
2 0.86328125 0.56171875 0.0296875 0.0046875