1 0.2515625 0.37265625 0.1125 0.3296875
2 0.38359375 0.2234375 0.090625 0.115625
2 0.5765625 0.1515625 0.15625 0.159375
1 0.68203125 0.73671875 0.04375 0.053125
2 0.88671875 0.73984375 0.0640625 0.0578125
1 0.78046875 0.8796875 0.053125 0.0609375
2 0.43671875 0.6890625 0.0171875 0.01875
2 0.48828125 0.69921875 0.0171875 0.01875
2 0.578125 0.68515625 0.01875 0.0171875
1 0.96875 0.7765625 0.0265625 0.0234375
1 0.83671875 0.703125 0.0234375 0.025
2 0.74296875 0.690625 0.01875 0.025
2 0.771875 0.67265625 0.0125 0.0140625
1 0.525 0.7203125 0.0234375 0.0265625
1 0.521875 0.7578125 0.0390625 0.0578125