1 0.96640625 0.3453125 0.0640625 0.15
1 0.8109375 0.14140625 0.1171875 0.1109375
1 0.67421875 0.0484375 0.1078125 0.096875
1 0.43828125 0.35 0.1625 0.1609375
1 0.03671875 0.8265625 0.0734375 0.1625
1 0.96015625 0.89765625 0.0640625 0.065625
1 0.82890625 0.90234375 0.0578125 0.065625
1 0.71875 0.928125 0.05625 0.0640625
1 0.54609375 0.9671875 0.0703125 0.0625
1 0.38046875 0.79296875 0.0578125 0.0578125
1 0.3203125 0.678125 0.0390625 0.040625
1 0.5015625 0.803125 0.05625 0.053125
1 0.63671875 0.7734375 0.05625 0.053125
1 0.81640625 0.725 0.03125 0.0578125
1 0.853125 0.7125 0.05625 0.0609375
1 0.921875 0.70703125 0.0515625 0.05625
1 0.90625 0.5734375 0.0453125 0.0453125
1 0.77421875 0.60546875 0.040625 0.04375
1 0.69453125 0.60234375 0.0453125 0.0453125
1 0.56953125 0.65234375 0.053125 0.0453125
1 0.4703125 0.66484375 0.0515625 0.0453125