1 0.51328125 0.22421875 0.0265625 0.0265625
1 0.54140625 0.259375 0.0328125 0.0328125
1 0.59921875 0.221875 0.0296875 0.0328125
1 0.5828125 0.28359375 0.0328125 0.0328125
1 0.67578125 0.2625 0.034375 0.034375
1 0.65546875 0.30703125 0.0390625 0.04375
1 0.6359375 0.40390625 0.040625 0.0265625
1 0.803125 0.36953125 0.040625 0.046875
1 0.790625 0.14921875 0.0328125 0.028125
1 0.8140625 0.1328125 0.0265625 0.0328125
2 0.928125 0.140625 0.0296875 0.034375
1 0.846875 0.18828125 0.034375 0.0296875
1 0.98203125 0.32734375 0.0328125 0.0328125
1 0.940625 0.4125 0.040625 0.009375
1 0.41015625 0.625 0.1765625 0.21875
1 0.5375 0.4640625 0.075 0.090625
1 0.81640625 0.446875 0.0671875 0.05625