1 0.428125 0.09140625 0.1140625 0.1296875
1 0.284375 0.1265625 0.065625 0.0625
1 0.07734375 0.20078125 0.0890625 0.0734375
1 0.9453125 0.08515625 0.065625 0.065625
1 0.9609375 0.25234375 0.0625 0.075
1 0.68671875 0.0265625 0.0703125 0.053125
1 0.70703125 0.11796875 0.075 0.0765625
1 0.703125 0.23359375 0.0703125 0.0765625
1 0.88515625 0.56171875 0.0796875 0.0328125
1 0.71328125 0.47890625 0.0796875 0.0765625
1 0.67421875 0.5375 0.0703125 0.08125
1 0.42109375 0.86015625 0.2859375 0.2765625
2 0.75625 0.9328125 0.234375 0.13125