1 0.21328125 0.2078125 0.134375 0.14375
1 0.21640625 0.43125 0.128125 0.11875
1 0.51796875 0.190625 0.0609375 0.1375
1 0.50859375 0.4140625 0.0796875 0.13125
2 0.56171875 0.0265625 0.0234375 0.053125
2 0.6046875 0.0796875 0.0640625 0.05625
2 0.6125 0.1703125 0.0703125 0.0734375
2 0.66328125 0.0171875 0.0640625 0.034375
2 0.75546875 0.13984375 0.078125 0.0875
1 0.865625 0.1515625 0.0921875 0.1046875
2 0.95625 0.0203125 0.059375 0.040625
2 0.89765625 0.009375 0.0578125 0.01875
1 0.06953125 0.853125 0.1390625 0.1625
1 0.32890625 0.8 0.2234375 0.259375
1 0.83515625 0.71015625 0.2828125 0.228125