1 0.3234375 0.41640625 0.05 0.05625
1 0.09609375 0.4453125 0.0421875 0.025
2 0.8234375 0.1609375 0.034375 0.0390625
1 0.3 0.6875 0.0453125 0.0484375
1 0.25859375 0.61328125 0.0359375 0.0515625
1 0.18984375 0.64140625 0.040625 0.0515625
2 0.10703125 0.6546875 0.0328125 0.0453125
0 0.071875 0.67421875 0.05 0.0609375
1 0.8109375 0.7046875 0.0109375 0.0078125
2 0.9921875 0.6875 0.0125 0.01875
2 0.75234375 0.7140625 0.021875 0.0203125
1 0.6671875 0.70390625 0.0625 0.0625
1 0.55390625 0.76796875 0.05625 0.0546875
2 0.475 0.77109375 0.021875 0.0203125