1 0.603125 0.26640625 0.065625 0.0625
1 0.63359375 0.1390625 0.0078125 0.03125
1 0.61796875 0.14609375 0.01875 0.01875
1 0.6 0.175 0.0296875 0.025
1 0.58359375 0.11796875 0.015625 0.01875
1 0.4953125 0.14296875 0.0296875 0.025
1 0.50546875 0.2375 0.0328125 0.0296875
1 0.44296875 0.13046875 0.021875 0.0328125
1 0.39921875 0.14375 0.0359375 0.0375
1 0.403125 0.2125 0.05 0.0765625
1 0.48046875 0.08671875 0.01875 0.0203125
1 0.521875 0.09453125 0.0234375 0.021875
1 0.29453125 0.134375 0.0453125 0.0390625
1 0.36484375 0.10546875 0.0234375 0.021875
1 0.26796875 0.05703125 0.015625 0.01875
1 0.2828125 0.03671875 0.015625 0.015625
1 0.14765625 0.2203125 0.1453125 0.1484375
1 0.06875 0.078125 0.028125 0.0296875
1 0.7421875 0.27734375 0.084375 0.0890625
1 0.9625 0.22578125 0.06875 0.0515625
1 0.2703125 0.871875 0.26875 0.253125
0 0.08046875 0.603125 0.1609375 0.228125