1 0.7140625 0.41328125 0.06875 0.0890625
1 0.54375 0.453125 0.075 0.0828125
1 0.38359375 0.42109375 0.065625 0.0890625
1 0.25390625 0.41171875 0.0734375 0.0703125
1 0.13828125 0.4109375 0.065625 0.065625
1 0.084375 0.39140625 0.0328125 0.0515625
2 0.0359375 0.39453125 0.05625 0.0609375
2 0.45546875 0.365625 0.06875 0.0609375
2 0.315625 0.3859375 0.0421875 0.0703125
1 0.8765625 0.17578125 0.0671875 0.0859375
1 0.7890625 0.20859375 0.075 0.084375
1 0.25078125 0.6203125 0.3453125 0.240625
1 0.928125 0.8515625 0.140625 0.29375