1 0.49921875 0.2125 0.0578125 0.10625
2 0.1828125 0.0875 0.0796875 0.0796875
1 0.2546875 0.18203125 0.1046875 0.1
1 0.0125 0.09765625 0.025 0.0703125
1 0.08828125 0.06640625 0.053125 0.053125
1 0.13046875 0.03984375 0.059375 0.0734375
1 0.25625 0.04296875 0.0609375 0.0640625
1 0.30625 0.04453125 0.040625 0.0484375
2 0.03671875 0.03828125 0.040625 0.0515625
1 0.31796875 0.0125 0.0328125 0.025
1 0.6859375 0.5703125 0.046875 0.040625
1 0.85390625 0.5921875 0.0484375 0.05625
2 0.9890625 0.66015625 0.01875 0.0421875
2 0.93125 0.57578125 0.0265625 0.028125