1 0.4015625 0.36015625 0.190625 0.0765625
1 0.62578125 0.07890625 0.0515625 0.0890625
1 0.6578125 0.01796875 0.065625 0.0359375
0 0.8640625 0.05625 0.115625 0.1125
2 0.96875 0.0234375 0.059375 0.046875
1 0.04921875 0.6203125 0.071875 0.1078125
1 0.03125 0.8015625 0.0625 0.075
1 0.16328125 0.7640625 0.1203125 0.1125
1 0.12109375 0.48828125 0.0796875 0.096875
1 0.03671875 0.440625 0.0734375 0.08125
1 0.246875 0.4828125 0.06875 0.08125
1 0.30625 0.6859375 0.090625 0.090625
1 0.34296875 0.578125 0.0734375 0.0984375
1 0.30390625 0.44921875 0.0734375 0.0921875
1 0.46953125 0.47578125 0.065625 0.08125
1 0.52578125 0.60546875 0.1015625 0.1140625
1 0.5703125 0.584375 0.05625 0.0875
1 0.54765625 0.4390625 0.0765625 0.078125
2 0.8859375 0.9515625 0.059375 0.09375