1 0.53359375 0.24140625 0.0296875 0.0515625
1 0.403125 0.22578125 0.0390625 0.0421875
1 0.15 0.175 0.0640625 0.0671875
1 0.09765625 0.325 0.0484375 0.04375
2 0.5078125 0.52890625 0.08125 0.1453125
1 0.44609375 0.66875 0.1296875 0.153125
1 0.29453125 0.65625 0.159375 0.1671875
2 0.2296875 0.4890625 0.125 0.109375
1 0.08046875 0.53984375 0.1109375 0.13125
1 0.67421875 0.56328125 0.0578125 0.05
1 0.86171875 0.790625 0.1921875 0.153125
1 0.93125 0.540625 0.025 0.025
1 0.7125 0.5015625 0.021875 0.0203125
1 0.63046875 0.50078125 0.0296875 0.028125