1 0.003125 0.28515625 0.00625 0.0265625
1 0.04765625 0.44921875 0.01875 0.01875
1 0.05078125 0.27421875 0.0265625 0.0265625
1 0.115625 0.28125 0.0265625 0.03125
2 0.09296875 0.35234375 0.0265625 0.028125
2 0.13828125 0.40078125 0.0203125 0.025
1 0.11171875 0.209375 0.0265625 0.0265625
1 0.16328125 0.215625 0.0140625 0.025
2 0.128125 0.15 0.021875 0.021875
1 0.07578125 0.084375 0.0171875 0.021875
1 0.246875 0.390625 0.03125 0.0328125
1 0.3078125 0.51015625 0.0328125 0.0328125
1 0.27734375 0.35546875 0.0265625 0.03125
2 0.27578125 0.27578125 0.01875 0.021875
1 0.2546875 0.2359375 0.0203125 0.025
1 0.35 0.2828125 0.0203125 0.025
1 0.36640625 0.40078125 0.03125 0.03125
1 0.4 0.46640625 0.028125 0.0359375
1 0.36953125 0.45859375 0.03125 0.0359375
1 0.45 0.52578125 0.015625 0.0265625
1 0.4546875 0.38125 0.00625 0.034375
1 0.4453125 0.3515625 0.025 0.021875
1 0.42890625 0.265625 0.028125 0.0265625
1 0.33828125 0.2171875 0.028125 0.0265625
1 0.2140625 0.1484375 0.021875 0.0171875
2 0.20234375 0.1265625 0.01875 0.021875
2 0.259375 0.15625 0.0265625 0.0265625
2 0.29609375 0.14375 0.01875 0.01875
1 0.3640625 0.16171875 0.021875 0.021875
1 0.34375 0.1234375 0.025 0.0234375
1 0.26171875 0.0484375 0.0171875 0.01875
1 0.3 0.0328125 0.0140625 0.01875
1 0.32265625 0.09921875 0.0171875 0.01875
1 0.39921875 0.096875 0.01875 0.0171875
1 0.2375 0.11796875 0.0171875 0.01875
1 0.41796875 0.22109375 0.025 0.0234375
1 0.45078125 0.190625 0.0140625 0.028125
1 0.3171875 0.01484375 0.0140625 0.0171875
2 0.40625 0.03515625 0.0125 0.0171875
1 0.4375 0.028125 0.01875 0.01875
1 0.54140625 0.08359375 0.1640625 0.1671875
1 0.05234375 0.81953125 0.0234375 0.0390625
0 0.16484375 0.825 0.028125 0.0328125
1 0.20390625 0.7265625 0.0328125 0.053125
1 0.3109375 0.74140625 0.0265625 0.0484375
1 0.29921875 0.775 0.028125 0.0390625
1 0.4453125 0.77890625 0.025 0.0421875
1 0.478125 0.62265625 0.028125 0.028125
1 0.525 0.6296875 0.01875 0.0265625
1 0.47734375 0.69453125 0.03125 0.028125
2 0.465625 0.76171875 0.0125 0.0296875
2 0.5015625 0.80546875 0.0234375 0.0265625
1 0.61171875 0.64921875 0.01875 0.021875
2 0.63125 0.684375 0.0171875 0.01875
0 0.6328125 0.7609375 0.028125 0.03125
1 0.60390625 0.79609375 0.03125 0.03125
1 0.6640625 0.9125 0.0328125 0.0359375
1 0.71796875 0.58515625 0.0234375 0.0109375
1 0.690625 0.63046875 0.021875 0.0171875
1 0.803125 0.603125 0.01875 0.021875
1 0.76875 0.6328125 0.025 0.0203125
1 0.70234375 0.69375 0.0203125 0.025
1 0.7796875 0.67734375 0.0234375 0.025
1 0.71875 0.80625 0.0265625 0.03125
1 0.721875 0.86015625 0.0265625 0.03125
1 0.75 0.8703125 0.028125 0.0328125
1 0.80078125 0.928125 0.01875 0.025
1 0.81328125 0.78671875 0.028125 0.028125
1 0.79921875 0.7578125 0.0265625 0.0203125
1 0.91171875 0.5890625 0.0203125 0.01875
1 0.834375 0.63046875 0.0203125 0.025
1 0.90546875 0.62421875 0.01875 0.01875
1 0.8859375 0.6421875 0.0234375 0.0265625
1 0.84140625 0.6953125 0.01875 0.021875
1 0.9859375 0.590625 0.01875 0.0171875
1 0.95234375 0.65703125 0.021875 0.021875
1 0.94140625 0.7453125 0.0265625 0.0234375
1 0.94375 0.9109375 0.0328125 0.0328125
1 0.8859375 0.9828125 0.0375 0.03125
1 0.9828125 0.959375 0.03125 0.034375