1 0.78203125 0.04375 0.0921875 0.0875
1 0.6953125 0.06171875 0.11875 0.1234375
1 0.53984375 0.0515625 0.0921875 0.103125
1 0.4296875 0.07578125 0.0703125 0.1015625
1 0.321875 0.02421875 0.059375 0.0484375
1 0.23203125 0.05859375 0.065625 0.0828125
0 0.17734375 0.04765625 0.040625 0.071875
1 0.15625 0.02734375 0.034375 0.0546875
1 0.10390625 0.05 0.0390625 0.05
1 0.82578125 0.7671875 0.0234375 0.1
1 0.72734375 0.709375 0.0890625 0.103125
1 0.584375 0.74609375 0.0609375 0.0765625
1 0.46015625 0.8140625 0.0578125 0.06875
1 0.13984375 0.81484375 0.03125 0.05