1 0.10625 0.1875 0.015625 0.0265625
1 0.20703125 0.20390625 0.046875 0.065625
1 0.7015625 0.43125 0.1078125 0.109375
1 0.4046875 0.33046875 0.015625 0.0203125
1 0.4359375 0.325 0.0203125 0.0203125
1 0.54140625 0.346875 0.015625 0.0265625
2 0.51328125 0.32421875 0.0234375 0.0265625
1 0.5984375 0.334375 0.01875 0.0265625
1 0.659375 0.34296875 0.0203125 0.028125
1 0.8171875 0.36328125 0.015625 0.0265625
1 0.86015625 0.3578125 0.0109375 0.01875
1 0.90078125 0.378125 0.0140625 0.0203125
1 0.49609375 0.91171875 0.2328125 0.1734375