2 0.378125 0.25859375 0.1 0.2859375
1 0.82421875 0.15234375 0.1328125 0.128125
1 0.68203125 0.24921875 0.171875 0.196875
2 0.559375 0.17578125 0.06875 0.103125
1 0.46796875 0.26171875 0.0765625 0.1515625
1 0.97109375 0.86171875 0.0546875 0.0859375
2 0.79609375 0.93828125 0.1484375 0.1203125
0 0.990625 0.7078125 0.015625 0.059375
2 0.95703125 0.79609375 0.0578125 0.053125
1 0.8921875 0.759375 0.053125 0.046875
1 0.8265625 0.7515625 0.0625 0.05
1 0.75 0.78203125 0.0515625 0.046875
1 0.70625 0.825 0.059375 0.0625
1 0.63203125 0.83515625 0.0703125 0.05
2 0.70859375 0.71875 0.0359375 0.040625
1 0.790625 0.6734375 0.0234375 0.0234375
1 0.7046875 0.66875 0.0265625 0.0265625
1 0.50703125 0.8921875 0.096875 0.0921875
1 0.90703125 0.71484375 0.0453125 0.0390625
1 0.59296875 0.66171875 0.015625 0.0171875