1 0.05546875 0.0265625 0.0796875 0.053125
1 0.36171875 0.0265625 0.0921875 0.053125
1 0.5515625 0.31171875 0.0453125 0.05625
1 0.63515625 0.33984375 0.0453125 0.053125
1 0.82265625 0.32421875 0.0515625 0.0578125
1 0.76953125 0.28671875 0.03125 0.0359375
1 0.83828125 0.2828125 0.028125 0.028125
1 0.875 0.309375 0.0453125 0.040625
1 0.90078125 0.29140625 0.01875 0.034375
1 0.92734375 0.4265625 0.0484375 0.053125
1 0.946875 0.30234375 0.03125 0.0359375
1 0.9890625 0.29921875 0.01875 0.0421875
1 0.60234375 0.65703125 0.0359375 0.0359375
1 0.6453125 0.55234375 0.0390625 0.0453125
1 0.75859375 0.54140625 0.0453125 0.0234375
1 0.8046875 0.53828125 0.034375 0.0171875
2 0.87109375 0.534375 0.0328125 0.009375