1 0.209375 0.240625 0.028125 0.025
1 0.22109375 0.334375 0.0328125 0.0296875
1 0.15703125 0.22890625 0.021875 0.0328125
1 0.11328125 0.24296875 0.034375 0.0375
1 0.11875 0.3109375 0.05 0.0765625
1 0.19296875 0.184375 0.01875 0.0203125
1 0.234375 0.19140625 0.0234375 0.0203125
1 0.01640625 0.2359375 0.0328125 0.040625
1 0.078125 0.2046875 0.0234375 0.0203125
1 0.00234375 0.13828125 0.0046875 0.0171875
1 0.88125 0.31484375 0.0625 0.0734375
1 0.77578125 0.2828125 0.0640625 0.078125
1 0.6484375 0.3578125 0.0578125 0.0609375
1 0.425 0.30234375 0.0640625 0.08125
2 0.62421875 0.7171875 0.2859375 0.25625