1 0.21875 0.51171875 0.1140625 0.115625
1 0.64140625 0.50859375 0.009375 0.021875
1 0.53125 0.48515625 0.0171875 0.0203125
1 0.5015625 0.47265625 0.021875 0.021875
1 0.39453125 0.46796875 0.0171875 0.0265625
2 0.42734375 0.453125 0.025 0.028125
1 0.3421875 0.4421875 0.0203125 0.028125
1 0.28125 0.4359375 0.0234375 0.0296875
1 0.12265625 0.4171875 0.0171875 0.0265625
1 0.0828125 0.4015625 0.0125 0.0203125
1 0.03828125 0.41171875 0.015625 0.0203125
1 0.74453125 0.04140625 0.0859375 0.0828125
1 0.8109375 0.03984375 0.084375 0.0796875
1 0.884375 0.03125 0.08125 0.0625
1 0.975 0.03984375 0.046875 0.0796875
1 0.96171875 0.63671875 0.04375 0.0515625
2 0.8328125 0.615625 0.040625 0.0125