1 0.70078125 0.18125 0.259375 0.303125
1 0.3359375 0.63984375 0.24375 0.2484375
2 0.57578125 0.76875 0.1296875 0.1296875
2 0.51015625 0.61796875 0.1015625 0.0921875
1 0.50078125 0.50390625 0.0828125 0.0640625
1 0.59453125 0.503125 0.0984375 0.103125
1 0.6625 0.49765625 0.04375 0.05
2 0.725 0.5421875 0.1015625 0.10625
1 0.7796875 0.6984375 0.1234375 0.1171875
1 0.8796875 0.690625 0.0921875 0.0890625
1 0.97421875 0.7015625 0.0484375 0.140625
1 0.94375 0.5828125 0.05 0.0859375
2 0.8109375 0.52109375 0.071875 0.08125
0 0.90859375 0.5046875 0.075 0.075
1 0.865625 0.50390625 0.0453125 0.059375
1 0.84140625 0.45 0.0421875 0.021875
1 0.97421875 0.46015625 0.0484375 0.0421875
1 0.96171875 0.49140625 0.046875 0.0515625