1 0.8875 0.1046875 0.1234375 0.13125
1 0.74921875 0.034375 0.1078125 0.06875
2 0.4359375 0.0328125 0.075 0.065625
1 0.35234375 0.0546875 0.1 0.109375
2 0.4109375 0.2109375 0.115625 0.1140625
2 0.4921875 0.0671875 0.0546875 0.0671875
2 0.5453125 0.0390625 0.05625 0.0546875
1 0.96015625 0.64296875 0.0765625 0.1265625
1 0.66640625 0.66953125 0.0671875 0.0671875
1 0.615625 0.71640625 0.0890625 0.103125
1 0.43984375 0.68203125 0.0671875 0.06875
1 0.31640625 0.615625 0.1140625 0.071875
1 0.378125 0.5859375 0.03125 0.0125
1 0.46015625 0.59453125 0.0265625 0.0234375