1 0.29140625 0.01328125 0.0328125 0.0265625
1 0.090625 0.05625 0.03125 0.04375
1 0.978125 0.165625 0.03125 0.0375
1 0.8875 0.2609375 0.059375 0.05625
1 0.9125 0.128125 0.025 0.0265625
1 0.8875 0.1390625 0.0171875 0.0171875
1 0.8734375 0.1703125 0.0265625 0.021875
1 0.85 0.115625 0.0140625 0.0171875
1 0.765625 0.1515625 0.0265625 0.021875
1 0.7875 0.24375 0.0296875 0.0265625
1 0.7125 0.1453125 0.01875 0.03125
1 0.6703125 0.1640625 0.03125 0.034375
1 0.6828125 0.23125 0.0421875 0.071875
1 0.74375 0.096875 0.0171875 0.01875
1 0.7859375 0.1 0.021875 0.01875
1 0.565625 0.1671875 0.0421875 0.034375
1 0.63125 0.1296875 0.021875 0.01875
1 0.5296875 0.09375 0.0140625 0.0171875
1 0.5421875 0.071875 0.0140625 0.0140625
1 0.4296875 0.2703125 0.1296875 0.134375
1 0.334375 0.1390625 0.025 0.0265625
1 0.2484375 0.68046875 0.090625 0.0421875
1 0.04765625 0.7015625 0.0953125 0.084375
1 0.85625 0.946875 0.0421875 0.05
1 0.825 0.865625 0.0296875 0.046875
1 0.75 0.88125 0.0390625 0.0546875
2 0.6703125 0.878125 0.034375 0.0390625
0 0.63125 0.890625 0.0421875 0.0546875
1 0.515625 0.875 0.0390625 0.0421875
1 0.428125 0.90625 0.034375 0.04375
1 0.32421875 0.89609375 0.0296875 0.0390625