1 0.43046875 0.1453125 0.0640625 0.0640625
1 0.4015625 0.015625 0.06875 0.03125
1 0.4140625 0.31171875 0.059375 0.071875
1 0.18984375 0.03125 0.065625 0.0609375
1 0.190625 0.13125 0.071875 0.0734375
1 0.16484375 0.24375 0.0671875 0.0734375
1 0.0171875 0.28125 0.034375 0.06875
1 0.0140625 0.11328125 0.028125 0.0734375
1 0.87578125 0.34140625 0.2453125 0.1734375
1 0.490625 0.55390625 0.015625 0.0359375
1 0.36328125 0.48359375 0.05 0.0546875
1 0.2453125 0.49375 0.0484375 0.0625
0 0.1609375 0.53359375 0.028125 0.028125
1 0.0859375 0.490625 0.059375 0.065625
1 0.9703125 0.496875 0.05625 0.05625
2 0.82578125 0.440625 0.0390625 0.021875
2 0.71796875 0.45234375 0.0390625 0.0453125