2 0.22578125 0.3546875 0.2078125 0.125
1 0.80234375 0.134375 0.3921875 0.26875
2 0.02421875 0.58515625 0.0484375 0.0890625
1 0.16640625 0.63125 0.0875 0.10625
1 0.27578125 0.578125 0.06875 0.06875
1 0.36875 0.51328125 0.0921875 0.0984375
1 0.52890625 0.53203125 0.0390625 0.05
1 0.578125 0.68515625 0.01875 0.0921875
1 0.721875 0.7171875 0.078125 0.0859375
1 0.8796875 0.6765625 0.0703125 0.0921875
1 0.98359375 0.6609375 0.0296875 0.075
2 0.8046875 0.625 0.071875 0.065625
2 0.94609375 0.63828125 0.0453125 0.071875