1 0.21171875 0.2203125 0.2859375 0.2890625
1 0.67265625 0.21484375 0.1828125 0.203125
1 0.75546875 0.31171875 0.225 0.1875
2 0.03046875 0.68828125 0.0609375 0.0671875
1 0.08828125 0.6703125 0.078125 0.071875
1 0.0609375 0.82421875 0.096875 0.09375
2 0.14765625 0.775 0.06875 0.0734375
2 0.2171875 0.68203125 0.084375 0.084375
2 0.321875 0.68984375 0.071875 0.0578125
2 0.32109375 0.796875 0.06875 0.065625
1 0.246875 0.8953125 0.109375 0.1109375
1 0.3875 0.953125 0.1 0.090625
2 0.4265625 0.72890625 0.021875 0.0703125
1 0.5171875 0.9015625 0.15625 0.19375