1 0.08359375 0.2671875 0.059375 0.0671875
1 0.19921875 0.34609375 0.0453125 0.059375
1 0.35546875 0.34375 0.0375 0.0421875
1 0.390625 0.33515625 0.0203125 0.021875
2 0.42890625 0.34296875 0.0171875 0.01875
1 0.8125 0.15390625 0.3265625 0.278125
1 0.35078125 0.6328125 0.2140625 0.20625
0 0.47890625 0.584375 0.0390625 0.05625
1 0.521875 0.6296875 0.034375 0.0390625
1 0.61328125 0.640625 0.0390625 0.0421875
1 0.69609375 0.67734375 0.0890625 0.0796875
1 0.815625 0.66328125 0.0390625 0.0546875
1 0.9765625 0.6671875 0.04375 0.065625