1 0.328125 0.065625 0.05625 0.05
1 0.39453125 0.04453125 0.0453125 0.0609375
1 0.71015625 0.034375 0.1078125 0.06875
1 0.859375 0.0546875 0.0421875 0.05
1 0.8328125 0.190625 0.071875 0.0765625
1 0.91875 0.1828125 0.06875 0.0671875
1 0.8953125 0.3359375 0.096875 0.0875
2 0.940625 0.06875 0.0296875 0.0296875
2 0.7703125 0.071875 0.0421875 0.05
2 0.4625 0.03125 0.04375 0.0625
1 0.05 0.6953125 0.08125 0.0796875
2 0.2734375 0.7203125 0.084375 0.09375
2 0.30546875 0.5859375 0.0890625 0.071875
1 0.6296875 0.56171875 0.078125 0.0234375