1 0.3890625 0.25859375 0.078125 0.2046875
1 0.08125 0.24609375 0.1515625 0.1640625
1 0.1875 0.24609375 0.05 0.065625
2 0.00703125 0.184375 0.0140625 0.08125
1 0.97890625 0.20703125 0.0390625 0.0859375
1 0.81171875 0.22421875 0.06875 0.0875
1 0.4640625 0.31328125 0.06875 0.0921875
1 0.715625 0.11484375 0.0140625 0.021875
1 0.78046875 0.10078125 0.0125 0.0140625
1 0.96328125 0.09921875 0.015625 0.0171875
1 0.609375 0.18515625 0.0140625 0.01875
1 0.8890625 0.609375 0.0921875 0.0921875
2 0.65703125 0.721875 0.0546875 0.0671875
2 0.5296875 0.734375 0.053125 0.0578125