1 0.53828125 0.4046875 0.1703125 0.10625
1 0.240625 0.92890625 0.275 0.1390625
1 0.409375 0.60390625 0.059375 0.0703125
1 0.45546875 0.59375 0.034375 0.040625
1 0.5375 0.69609375 0.0640625 0.0609375
1 0.52421875 0.56171875 0.0265625 0.028125
1 0.5484375 0.575 0.01875 0.01875
1 0.559375 0.60703125 0.028125 0.0234375
1 0.5875 0.5546875 0.015625 0.01875
1 0.66875 0.59765625 0.028125 0.0234375
1 0.6390625 0.68828125 0.03125 0.0296875
1 0.721875 0.59609375 0.021875 0.0328125
1 0.7625 0.61875 0.034375 0.0375
1 0.74453125 0.684375 0.0484375 0.075
1 0.6953125 0.5453125 0.01875 0.0203125
1 0.653125 0.54453125 0.0234375 0.0203125
1 0.86640625 0.63125 0.0453125 0.0375
1 0.8046875 0.58828125 0.0234375 0.0203125
1 0.90859375 0.5609375 0.015625 0.01875
1 0.8984375 0.53828125 0.015625 0.015625
1 0.96015625 0.7453125 0.0765625 0.146875