2 0.5234375 0.07578125 0.009375 0.0296875
1 0.5234375 0.1328125 0.009375 0.03125
1 0.48671875 0.13125 0.0203125 0.028125
1 0.5171875 0.203125 0.021875 0.03125
2 0.5234375 0.271875 0.009375 0.03125
2 0.48203125 0.30859375 0.025 0.0296875
1 0.4296875 0.0265625 0.01875 0.015625
2 0.46171875 0.03828125 0.01875 0.015625
1 0.44921875 0.06015625 0.01875 0.01875
2 0.40546875 0.059375 0.0203125 0.0203125
1 0.39765625 0.1375 0.021875 0.0234375
2 0.3734375 0.16875 0.01875 0.0203125
0 0.359375 0.24453125 0.0296875 0.0328125
1 0.3828125 0.28359375 0.0328125 0.0328125
1 0.30546875 0.3890625 0.0359375 0.0375
1 0.35390625 0.003125 0.0203125 0.00625
2 0.33046875 0.015625 0.021875 0.0234375
2 0.37265625 0.04296875 0.01875 0.0203125
1 0.30390625 0.05 0.025 0.025
1 0.32265625 0.10625 0.0234375 0.0203125
1 0.21640625 0.06171875 0.021875 0.0234375
1 0.2453125 0.096875 0.0265625 0.021875
1 0.30078125 0.16640625 0.021875 0.0265625
1 0.22734375 0.13828125 0.025 0.028125
1 0.2671875 0.27578125 0.028125 0.0328125
1 0.25625 0.32734375 0.028125 0.0328125
1 0.2265625 0.33359375 0.0296875 0.034375
1 0.2046875 0.47734375 0.04375 0.0203125
1 0.1671875 0.3828125 0.0203125 0.0265625
1 0.1765625 0.240625 0.0296875 0.0296875
1 0.19609375 0.21484375 0.028125 0.021875
1 0.1703125 0.00390625 0.025 0.0078125
1 0.11171875 0.0296875 0.0203125 0.0203125
1 0.18046875 0.08359375 0.021875 0.0265625
1 0.11171875 0.065625 0.0203125 0.0203125
1 0.128125 0.08671875 0.025 0.0296875
1 0.16328125 0.14609375 0.021875 0.0234375
1 0.03671875 0.0203125 0.0203125 0.01875
1 0.06015625 0.09140625 0.025 0.025
1 0.003125 0.0765625 0.00625 0.021875
1 0.05703125 0.18046875 0.0296875 0.025
1 0.02890625 0.34375 0.034375 0.034375
1 0.075 0.4265625 0.0390625 0.0390625
2 0.790625 0.06328125 0.046875 0.0484375
1 0.821875 0.16953125 0.0546875 0.05
1 0.771875 0.2296875 0.0515625 0.0484375
1 0.7828125 0.346875 0.0578125 0.0578125
2 0.546875 0.2171875 0.034375 0.053125
1 0.28828125 0.80078125 0.3125 0.315625