1 0.27734375 0.015625 0.1109375 0.03125
1 0.92421875 0.271875 0.0421875 0.040625
2 0.85859375 0.2734375 0.034375 0.040625
2 0.75390625 0.2765625 0.0421875 0.0375
2 0.82890625 0.25859375 0.034375 0.0328125
0 0.58828125 0.2859375 0.0453125 0.040625
0 0.67109375 0.27890625 0.034375 0.040625
0 0.990625 0.27109375 0.015625 0.0421875
1 0.51328125 0.47421875 0.0296875 0.0796875
1 0.46015625 0.39765625 0.0703125 0.0765625
1 0.21796875 0.5359375 0.0609375 0.059375
1 0.253125 0.4734375 0.05625 0.0609375
1 0.153125 0.49140625 0.046875 0.046875
1 0.090625 0.4765625 0.0546875 0.0484375
1 0.0203125 0.47734375 0.040625 0.0359375
1 0.3296875 0.42890625 0.0296875 0.03125
1 0.68203125 0.66640625 0.3046875 0.3734375