1 0.390625 0.3625 0.115625 0.109375
2 0.4125 0.22578125 0.0875 0.0875
2 0.0390625 0.30859375 0.078125 0.0890625
1 0.12109375 0.37421875 0.1171875 0.0859375
1 0.5359375 0.2203125 0.0671875 0.065625
1 0.096875 0.25078125 0.06875 0.0703125
1 0.14609375 0.24296875 0.0453125 0.053125
1 0.18125 0.17421875 0.0359375 0.0421875
1 0.28828125 0.1328125 0.046875 0.040625
2 0.03515625 0.1609375 0.0359375 0.0390625
1 0.07578125 0.13828125 0.0171875 0.0265625
1 0.2 0.115625 0.0203125 0.025
1 0.24921875 0.146875 0.0390625 0.0359375
1 0.1484375 0.20078125 0.0359375 0.0421875
1 0.46875 0.07421875 0.025 0.0296875
1 0.5125 0.0609375 0.0265625 0.0328125
1 0.34296875 0.11796875 0.0203125 0.025
1 0.4921875 0.06328125 0.021875 0.028125
1 0.14296875 0.76328125 0.2859375 0.3859375
1 0.709375 0.73671875 0.096875 0.115625