1 0.61875 0.128125 0.0296875 0.0296875
2 0.69765625 0.159375 0.0421875 0.0375
1 0.828125 0.1546875 0.04375 0.046875
1 0.946875 0.21171875 0.053125 0.05
1 0.5609375 0.14375 0.025 0.028125
1 0.5375 0.12265625 0.025 0.0296875
1 0.4984375 0.11796875 0.021875 0.028125
1 0.46328125 0.109375 0.028125 0.021875
1 0.24609375 0.67578125 0.1046875 0.103125
1 0.1609375 0.565625 0.08125 0.0984375
1 0.0328125 0.559375 0.065625 0.078125
1 0.37578125 0.58125 0.1046875 0.096875
2 0.41328125 0.6 0.0296875 0.1
1 0.54375 0.62734375 0.0890625 0.0953125
1 0.77890625 0.63515625 0.0765625 0.09375
1 0.8578125 0.68359375 0.084375 0.0921875
1 0.92734375 0.65546875 0.078125 0.0734375
1 0.9859375 0.64765625 0.025 0.0828125