1 0.028125 0.2765625 0.05625 0.1
0 0.6265625 0.2 0.26875 0.3015625
1 0.45625 0.28046875 0.134375 0.2234375
1 0.884375 0.29296875 0.215625 0.3296875
1 0.021875 0.6546875 0.04375 0.175
1 0.18125 0.7109375 0.228125 0.228125
2 0.41484375 0.65390625 0.05 0.0484375
1 0.565625 0.65859375 0.0609375 0.0703125
0 0.5921875 0.61640625 0.028125 0.040625
2 0.65390625 0.6046875 0.0484375 0.05
0 0.7125 0.5875 0.05 0.05
1 0.87265625 0.5484375 0.065625 0.075
1 0.79921875 0.5453125 0.03125 0.0328125
1 0.77578125 0.596875 0.028125 0.0296875