1 0.27890625 0.10234375 0.0859375 0.1015625
1 0.14375 0.19140625 0.046875 0.0515625
1 0.809375 0.34921875 0.146875 0.1171875
1 0.89609375 0.19453125 0.11875 0.1109375
1 0.80859375 0.08828125 0.0796875 0.0828125
1 0.6546875 0.059375 0.071875 0.0859375
1 0.51796875 0.071875 0.0890625 0.0921875
2 0.45 0.0390625 0.040625 0.0625
1 0.40859375 0.7953125 0.0390625 0.15
2 0.0171875 0.7578125 0.034375 0.096875
1 0.94140625 0.64453125 0.0203125 0.028125
1 0.859375 0.6484375 0.028125 0.040625
2 0.64765625 0.58828125 0.0328125 0.040625
1 0.66953125 0.70234375 0.0578125 0.0671875
1 0.5140625 0.55390625 0.025 0.0328125
1 0.51796875 0.6546875 0.059375 0.05625