1 0.4984375 0.3171875 0.06875 0.0578125
1 0.33984375 0.27578125 0.0390625 0.0453125
1 0.22421875 0.2796875 0.040625 0.0359375
1 0.07734375 0.27109375 0.028125 0.0359375
1 0.03984375 0.2796875 0.0234375 0.0296875
1 0.903125 0.2296875 0.190625 0.209375
1 0.5828125 0.81328125 0.05625 0.0640625
1 0.40859375 0.8421875 0.06875 0.065625
1 0.12109375 0.73203125 0.0640625 0.05625
1 0.25625 0.67734375 0.059375 0.0171875
1 0.37578125 0.68515625 0.0578125 0.0328125
1 0.51171875 0.675 0.0578125 0.0125
1 0.896875 0.69453125 0.065625 0.0515625