1 0.4953125 0.3578125 0.1046875 0.153125
1 0.2984375 0.39296875 0.0890625 0.1296875
1 0.95703125 0.3875 0.04375 0.059375
1 0.8 0.38046875 0.0359375 0.040625
1 0.76640625 0.3703125 0.01875 0.0203125
2 0.72734375 0.3765625 0.015625 0.01875
1 0.65 0.4234375 0.0375 0.0359375
1 0.61015625 0.384375 0.015625 0.015625
1 0.9109375 0.865625 0.0453125 0.0609375
1 0.865625 0.90625 0.065625 0.0609375
1 0.79296875 0.840625 0.0484375 0.05625
2 0.74609375 0.8578125 0.0609375 0.065625
1 0.6921875 0.92890625 0.0859375 0.096875
2 0.684375 0.81640625 0.0484375 0.0515625
2 0.6046875 0.815625 0.05625 0.0625
2 0.99296875 0.80859375 0.0109375 0.0359375