1 0.04140625 0.40078125 0.0828125 0.0921875
1 0.17734375 0.41328125 0.1453125 0.1421875
1 0.10078125 0.29375 0.0515625 0.0859375
0 0.06640625 0.21484375 0.0765625 0.0765625
2 0.19765625 0.2125 0.0703125 0.071875
1 0.02421875 0.21328125 0.0453125 0.0609375
1 0.01171875 0.1515625 0.0234375 0.040625
1 0.0125 0.1171875 0.025 0.0375
1 0.025 0.078125 0.025 0.0296875
1 0.03828125 0.0984375 0.0328125 0.0296875
2 0.10546875 0.11328125 0.0421875 0.046875
1 0.1328125 0.16328125 0.0484375 0.05625
1 0.11953125 0.203125 0.046875 0.0515625
1 0.1484375 0.07578125 0.015625 0.03125
1 0.2078125 0.0875 0.021875 0.0265625
1 0.26796875 0.0859375 0.0296875 0.0328125
0 0.278125 0.159375 0.0484375 0.046875
2 0.24140625 0.21171875 0.03125 0.0546875
1 0.28671875 0.278125 0.06875 0.0640625
1 0.3078125 0.16953125 0.03125 0.0421875
2 0.32734375 0.10234375 0.021875 0.0265625
1 0.2796875 0.3609375 0.03125 0.0453125
1 0.34140625 0.3984375 0.090625 0.10625
1 0.37734375 0.49921875 0.1015625 0.1171875
1 0.346875 0.275 0.05625 0.0484375
1 0.40859375 0.2015625 0.0390625 0.053125
1 0.40390625 0.14375 0.0484375 0.05625
1 0.875 0.16796875 0.246875 0.3359375
1 0.6875 0.94296875 0.315625 0.1109375