1 0.2984375 0.2453125 0.2765625 0.325
2 0.903125 0.071875 0.04375 0.05
2 0.9515625 0.2015625 0.084375 0.084375
2 0.97734375 0.31015625 0.0421875 0.0734375
1 0.94453125 0.46796875 0.1078125 0.1484375
2 0.809375 0.321875 0.1390625 0.10625
2 0.8421875 0.134375 0.0921875 0.08125
2 0.728125 0.0078125 0.065625 0.015625
1 0.678125 0.115625 0.0890625 0.084375
2 0.596875 0.0578125 0.0625 0.0671875
1 0.503125 0.1671875 0.06875 0.103125
2 0.5328125 0.3265625 0.0921875 0.084375
1 0.41484375 0.80546875 0.1046875 0.2453125
1 0.16875 0.64921875 0.190625 0.1984375