1 0.2625 0.0828125 0.0390625 0.034375
1 0.20859375 0.29296875 0.0453125 0.046875
1 0.14765625 0.12109375 0.0375 0.04375
1 0.00546875 0.01640625 0.0109375 0.0328125
1 0.0390625 0.07265625 0.034375 0.0421875
1 0.98515625 0.26171875 0.0265625 0.1078125
1 0.7890625 0.2625 0.10625 0.1109375
1 0.57890625 0.28828125 0.08125 0.0828125
1 0.48671875 0.30390625 0.103125 0.0984375
1 0.278125 0.721875 0.040625 0.109375
1 0.1703125 0.71875 0.06875 0.0671875
2 0.203125 0.62734375 0.0484375 0.0484375
2 0.11015625 0.67734375 0.0484375 0.05
1 0.03671875 0.72421875 0.071875 0.0796875
1 0.009375 0.62109375 0.01875 0.0515625