1 0.096875 0.16640625 0.125 0.14375
1 0.02109375 0.1734375 0.0421875 0.075
1 0.47890625 0.15625 0.0859375 0.0734375
1 0.36484375 0.17109375 0.0796875 0.0578125
2 0.9703125 0.4171875 0.05625 0.075
2 0.90859375 0.47578125 0.0671875 0.059375
2 0.896875 0.55234375 0.075 0.0515625
2 0.8546875 0.39140625 0.065625 0.0734375
2 0.7546875 0.528125 0.0828125 0.090625
1 0.64453125 0.52890625 0.0984375 0.0984375
2 0.5765625 0.3828125 0.034375 0.075
2 0.62109375 0.37265625 0.059375 0.0546875
1 0.8359375 0.9265625 0.046875 0.040625