1 0.20390625 0.18671875 0.0953125 0.1046875
1 0.65390625 0.41328125 0.1890625 0.1484375
1 0.92265625 0.42578125 0.1515625 0.1234375
1 0.26875 0.575 0.2375 0.171875
1 0.521875 0.559375 0.071875 0.140625
2 0.9828125 0.68671875 0.03125 0.0734375
1 0.9140625 0.7140625 0.1234375 0.134375
1 0.81875 0.696875 0.1 0.1140625
2 0.8140625 0.53359375 0.05 0.053125
1 0.61953125 0.546875 0.053125 0.0484375
1 0.5796875 0.52109375 0.040625 0.0640625
1 0.73359375 0.621875 0.053125 0.053125
1 0.68125 0.6734375 0.0828125 0.090625
1 0.66796875 0.946875 0.1484375 0.103125
2 0.89140625 0.54609375 0.0359375 0.04375