1 0.21796875 0.17109375 0.0546875 0.0609375
1 0.27265625 0.13671875 0.0328125 0.0375
1 0.2046875 0.12890625 0.028125 0.028125
1 0.16640625 0.15390625 0.046875 0.0421875
1 0.14140625 0.134375 0.0203125 0.0359375
1 0.1078125 0.26796875 0.0515625 0.0546875
1 0.0953125 0.14296875 0.0328125 0.0375
1 0.046875 0.1375 0.0328125 0.0421875
1 0.01953125 0.14140625 0.0390625 0.0515625
1 0.9453125 0.38984375 0.103125 0.0890625
1 0.69453125 0.3 0.040625 0.0375
1 0.6 0.30625 0.0328125 0.040625
1 0.40078125 0.27578125 0.0234375 0.0421875
2 0.63828125 0.2765625 0.0234375 0.028125
1 0.73046875 0.2828125 0.021875 0.0328125
2 0.81875 0.278125 0.0375 0.046875
1 0.471875 0.24140625 0.0375 0.0375
1 0.3359375 0.753125 0.0421875 0.065625
1 0.35546875 0.88828125 0.03125 0.0578125
1 0.253125 0.97578125 0.028125 0.0453125
1 0.2203125 0.71796875 0.0640625 0.059375
1 0.13359375 0.68671875 0.0546875 0.0640625
1 0.453125 0.72578125 0.0875 0.09375
1 0.890625 0.90234375 0.16875 0.1921875
0 0.64609375 0.81953125 0.075 0.0828125
2 0.55703125 0.75859375 0.0609375 0.059375