1 0.240625 0.35078125 0.034375 0.0140625
1 0.3546875 0.3453125 0.046875 0.025
1 0.01328125 0.334375 0.0265625 0.05
2 0.10234375 0.31328125 0.034375 0.0375
1 0.14765625 0.30234375 0.0171875 0.0265625
1 0.2734375 0.3125 0.01875 0.0234375
1 0.05625 0.30546875 0.025 0.0265625
1 0.31328125 0.34765625 0.0390625 0.0203125
1 0.41171875 0.3484375 0.0203125 0.01875
0 0.4078125 0.54765625 0.08125 0.2921875
1 0.26875 0.56953125 0.2109375 0.2125
0 0.60703125 0.853125 0.071875 0.078125
1 0.85234375 0.7453125 0.103125 0.1109375