1 0.4484375 0.00703125 0.040625 0.0140625
1 0.03515625 0.01328125 0.0140625 0.01875
1 0.83515625 0.2703125 0.1453125 0.15
1 0.45625 0.5890625 0.04375 0.084375
1 0.32421875 0.525 0.071875 0.0828125
1 0.171875 0.5046875 0.053125 0.065625
1 0.19140625 0.67109375 0.096875 0.096875
1 0.1046875 0.8671875 0.153125 0.1421875
1 0.05546875 0.5296875 0.0421875 0.0484375
1 0.01171875 0.58515625 0.0234375 0.0484375
1 0.02265625 0.7578125 0.0453125 0.15
1 0.26015625 0.54765625 0.0453125 0.0484375
1 0.00546875 0.51796875 0.0109375 0.0328125
1 0.94296875 0.79296875 0.1109375 0.3640625