1 0.371875 0.49453125 0.284375 0.0859375
1 0.66015625 0.30390625 0.0421875 0.0515625
1 0.64765625 0.50390625 0.0171875 0.0671875
1 0.95234375 0.403125 0.0921875 0.253125
1 0.72421875 0.28515625 0.0453125 0.05
2 0.39609375 0.99296875 0.0171875 0.0109375
2 0.4859375 0.9921875 0.025 0.0125
2 0.5765625 0.9859375 0.028125 0.025
1 0.6609375 0.74921875 0.04375 0.0546875
1 0.84296875 0.721875 0.059375 0.065625
1 0.89453125 0.70390625 0.0453125 0.046875
1 0.95078125 0.8328125 0.0546875 0.0578125
1 0.78671875 0.68671875 0.0375 0.04375
1 0.96640625 0.69921875 0.0375 0.0390625
1 0.85546875 0.68125 0.040625 0.040625