2 0.09765625 0.3203125 0.03125 0.034375
2 0.321875 0.24921875 0.0328125 0.0453125
2 0.409375 0.21015625 0.0375 0.046875
2 0.48125 0.26875 0.05 0.05
2 0.57265625 0.21640625 0.0296875 0.028125
2 0.53828125 0.2265625 0.025 0.028125
2 0.5046875 0.23671875 0.03125 0.034375
2 0.47890625 0.21015625 0.028125 0.028125
2 0.66796875 0.184375 0.0203125 0.04375
1 0.9859375 0.521875 0.025 0.1125
1 0.503125 0.7296875 0.246875 0.28125
0 0.975 0.834375 0.046875 0.078125
2 0.71953125 0.940625 0.0640625 0.0671875
2 0.88125 0.8828125 0.05 0.053125
2 0.75625 0.89296875 0.040625 0.046875