1 0.88984375 0.25546875 0.134375 0.1203125
1 0.06015625 0.646875 0.0625 0.06875
1 0.11015625 0.62578125 0.0484375 0.0484375
1 0.175 0.75 0.059375 0.0609375
1 0.23046875 0.60234375 0.0359375 0.046875
1 0.26484375 0.60390625 0.05 0.0578125
1 0.31875 0.61484375 0.0484375 0.0484375
1 0.35859375 0.628125 0.0484375 0.0546875
1 0.01171875 0.61640625 0.0234375 0.0484375
1 0.18125 0.615625 0.0390625 0.0421875
1 0.06953125 0.60546875 0.0421875 0.0421875
2 0.48125 0.7765625 0.0203125 0.0265625
2 0.6234375 0.75546875 0.0171875 0.028125
2 0.7125 0.74921875 0.0265625 0.0328125
2 0.803125 0.7296875 0.028125 0.0296875
2 0.8671875 0.73671875 0.025 0.0296875