1 0.10703125 0.97734375 0.0515625 0.0421875
1 0.23515625 0.96875 0.040625 0.0421875
1 0.48359375 0.93359375 0.0546875 0.046875
1 0.384375 0.95 0.053125 0.046875
1 0.13203125 0.8359375 0.0296875 0.0453125
1 0.221875 0.8203125 0.0421875 0.05
1 0.29296875 0.8140625 0.0453125 0.0375
1 0.40234375 0.7671875 0.0421875 0.046875
1 0.459375 0.76796875 0.0375 0.0453125
1 0.45 0.66328125 0.0296875 0.04375
1 0.36328125 0.69453125 0.0375 0.0453125
1 0.24296875 0.725 0.0375 0.0453125
1 0.1484375 0.715625 0.0421875 0.05
1 0.03828125 0.7484375 0.0375 0.04375
1 0.11640625 0.64296875 0.03125 0.0359375
1 0.1921875 0.64375 0.0375 0.0390625
1 0.28984375 0.6328125 0.034375 0.04375
1 0.33125 0.60234375 0.028125 0.0265625
1 0.4171875 0.6203125 0.0328125 0.0359375
1 0.484375 0.6171875 0.0328125 0.03125
1 0.54140625 0.60546875 0.0140625 0.0328125
1 0.8640625 0.79375 0.26875 0.409375