1 0.31015625 0.05390625 0.05625 0.04375
1 0.309375 0.19296875 0.0453125 0.05625
1 0.06171875 0.35546875 0.0640625 0.0515625
1 0.075 0.1609375 0.0578125 0.0578125
1 0.0859375 0.06796875 0.0640625 0.053125
1 0.0765625 0.00625 0.059375 0.0125
1 0.565625 0.059375 0.125 0.11875
1 0.80859375 0.01875 0.1265625 0.0375
1 0.99140625 0.68359375 0.0140625 0.0265625
1 0.90859375 0.71875 0.0359375 0.0390625
1 0.8578125 0.709375 0.0578125 0.065625
1 0.8109375 0.696875 0.0328125 0.0390625
1 0.7234375 0.7953125 0.0609375 0.0578125
1 0.9921875 0.6453125 0.0125 0.0125
1 0.9453125 0.646875 0.0140625 0.0140625
1 0.921875 0.65234375 0.021875 0.01875
1 0.9 0.6515625 0.0171875 0.0171875
1 0.74375 0.66171875 0.0265625 0.028125
1 0.71953125 0.6734375 0.0171875 0.0171875
1 0.70625 0.70546875 0.0265625 0.0234375
1 0.68125 0.6515625 0.0140625 0.0171875
1 0.59765625 0.68984375 0.0265625 0.0234375
1 0.62265625 0.78125 0.03125 0.028125
1 0.54453125 0.6859375 0.0203125 0.03125
1 0.503125 0.70625 0.0328125 0.0359375
1 0.51796875 0.77265625 0.0453125 0.0734375
1 0.57421875 0.6359375 0.0171875 0.01875
1 0.61640625 0.6375 0.021875 0.01875
1 0.3984375 0.7125 0.04375 0.0359375
1 0.4625 0.67265625 0.021875 0.01875
1 0.36015625 0.640625 0.0140625 0.0171875
1 0.371875 0.61796875 0.0140625 0.0140625
1 0.9671875 0.74296875 0.0171875 0.01875
1 0.97421875 0.6421875 0.0140625 0.0140625