1 0.03515625 0.4921875 0.0703125 0.1125
1 0.00703125 0.3703125 0.0140625 0.021875
1 0.08671875 0.3734375 0.01875 0.015625
1 0.11171875 0.3890625 0.028125 0.0265625
1 0.1578125 0.43203125 0.0453125 0.046875
1 0.25703125 0.415625 0.0671875 0.06875
1 0.21953125 0.3875 0.025 0.0359375
1 0.15625 0.37890625 0.01875 0.01875
1 0.29296875 0.34296875 0.028125 0.0234375
1 0.4125 0.3640625 0.0265625 0.0203125
1 0.4078125 0.328125 0.01875 0.01875
1 0.459375 0.39609375 0.0265625 0.0265625
1 0.43515625 0.33828125 0.01875 0.0140625
1 0.4875 0.3625 0.0203125 0.0234375
2 0.25234375 0.346875 0.015625 0.015625
1 0.5421875 0.26484375 0.065625 0.1734375
1 0.71328125 0.3390625 0.21875 0.221875
1 0.803125 0.0546875 0.121875 0.109375
1 0.97734375 0.04921875 0.0421875 0.0984375
1 0.9796875 0.3359375 0.0375 0.178125
1 0.0875 0.96796875 0.090625 0.0609375
1 0.1671875 0.9171875 0.0703125 0.08125
2 0.27109375 0.928125 0.1 0.0796875
1 0.409375 0.92734375 0.053125 0.078125
1 0.4703125 0.95234375 0.075 0.0921875
1 0.5515625 0.8390625 0.084375 0.18125
1 0.709375 0.67265625 0.128125 0.1140625
1 0.853125 0.8640625 0.1671875 0.2015625
1 0.9453125 0.92109375 0.10625 0.1546875