2 0.403125 0.4515625 0.05 0.03125
1 0.296875 0.37421875 0.08125 0.084375
2 0.171875 0.2859375 0.0578125 0.05
2 0.165625 0.365625 0.071875 0.071875
1 0.55234375 0.34296875 0.2453125 0.2484375
1 0.246875 0.79609375 0.0875 0.090625
2 0.0609375 0.86171875 0.121875 0.1828125
1 0.35859375 0.7515625 0.06875 0.075
0 0.29765625 0.65 0.0515625 0.0625
2 0.23125 0.72734375 0.0609375 0.0578125
1 0.175 0.67890625 0.0578125 0.05
1 0.11171875 0.65859375 0.065625 0.0546875
1 0.03046875 0.67421875 0.05625 0.05
2 0.01171875 0.60390625 0.0234375 0.0453125
1 0.09140625 0.57578125 0.025 0.025
1 0.01171875 0.55390625 0.0234375 0.0296875
1 0.33125 0.66875 0.04375 0.0515625
1 0.1984375 0.6375 0.0484375 0.04375
1 0.7765625 0.553125 0.1375 0.1578125
1 0.52890625 0.60859375 0.10625 0.1140625