1 0.125 0.20078125 0.2171875 0.25625
1 0.44453125 0.16953125 0.1921875 0.2
1 0.63671875 0.2953125 0.096875 0.128125
2 0.5515625 0.65703125 0.0328125 0.0390625
2 0.5328125 0.74296875 0.0421875 0.0546875
2 0.47890625 0.77109375 0.034375 0.05625
2 0.44453125 0.77890625 0.0328125 0.05625
2 0.5546875 0.90625 0.0453125 0.053125
1 0.4765625 0.99140625 0.053125 0.0140625
1 0.39609375 0.9875 0.0484375 0.021875
2 0.3296875 0.76171875 0.034375 0.04375
2 0.29375 0.7609375 0.0296875 0.0453125
1 0.2375 0.79609375 0.034375 0.0734375
2 0.1578125 0.6921875 0.0484375 0.0703125
2 0.0734375 0.709375 0.0375 0.0484375
2 0.54765625 0.6609375 0.0359375 0.03125
1 0.9703125 0.96796875 0.05625 0.0609375
1 0.95234375 0.92734375 0.0640625 0.0765625
1 0.796875 0.94609375 0.0859375 0.0859375
1 0.6328125 0.859375 0.053125 0.0546875
1 0.59140625 0.9578125 0.0234375 0.08125