2 0.53203125 0.42421875 0.1203125 0.13125
2 0.31484375 0.2890625 0.0953125 0.071875
1 0.75625 0.08984375 0.0765625 0.0796875
2 0.95703125 0.15859375 0.0703125 0.059375
1 0.49765625 0.77890625 0.071875 0.075
1 0.353125 0.8515625 0.059375 0.065625
1 0.059375 0.728125 0.059375 0.0625
1 0.25390625 0.71171875 0.0671875 0.059375
1 0.17265625 0.70859375 0.0625 0.075
1 0.38203125 0.77265625 0.0671875 0.075
1 0.37421875 0.65703125 0.0265625 0.04375
1 0.49296875 0.68671875 0.046875 0.0484375
1 0.1140625 0.63984375 0.040625 0.0453125
1 0.7046875 0.82109375 0.209375 0.3546875