1 0.246875 0.4390625 0.1875 0.15625
1 0.4390625 0.62265625 0.290625 0.2078125
1 0.12109375 0.60234375 0.2421875 0.1671875
2 0.96328125 0.54765625 0.0703125 0.0578125
1 0.978125 0.71796875 0.040625 0.0828125
1 0.90859375 0.928125 0.103125 0.1046875
1 0.9109375 0.73203125 0.078125 0.078125
1 0.83359375 0.84921875 0.0640625 0.090625
1 0.890625 0.6421875 0.0578125 0.059375
1 0.8015625 0.6953125 0.065625 0.0703125
2 0.90625 0.54921875 0.04375 0.040625
2 0.821875 0.54375 0.05 0.05
1 0.72265625 0.671875 0.075 0.0546875
2 0.65078125 0.7953125 0.0890625 0.0796875