1 0.02109375 0.39140625 0.0421875 0.0953125
1 0.15546875 0.475 0.0765625 0.065625
1 0.2125 0.33984375 0.0484375 0.0546875
1 0.2796875 0.3125 0.04375 0.05625
1 0.41953125 0.40625 0.0515625 0.0625
1 0.484375 0.33671875 0.0453125 0.05625
1 0.590625 0.41328125 0.034375 0.0484375
1 0.53125 0.31953125 0.05 0.059375
1 0.1734375 0.78125 0.0828125 0.0890625
1 0.47578125 0.92109375 0.11875 0.1265625
1 0.546875 0.9921875 0.05625 0.0125
1 0.34453125 0.98046875 0.0578125 0.0359375
1 0.4015625 0.98046875 0.040625 0.0359375
1 0.57421875 0.96484375 0.0421875 0.0421875
1 0.21640625 0.8359375 0.0390625 0.0625
1 0.6796875 0.621875 0.0640625 0.075