1 0.046875 0.1890625 0.04375 0.04375
1 0.1078125 0.20078125 0.0453125 0.05625
1 0.24296875 0.20859375 0.0453125 0.0515625
1 0.2640625 0.18125 0.028125 0.0578125
1 0.3734375 0.18515625 0.0265625 0.0328125
1 0.44921875 0.1109375 0.053125 0.0640625
2 0.3984375 0.1890625 0.0359375 0.0484375
2 0.165625 0.228125 0.04375 0.0515625
2 0.02265625 0.21953125 0.0453125 0.0578125
1 0.50546875 0.053125 0.0515625 0.071875
1 0.596875 0.009375 0.046875 0.01875
1 0.659375 0.06484375 0.071875 0.0828125
1 0.8015625 0.01484375 0.071875 0.0296875
1 0.94609375 0.121875 0.0953125 0.0953125
1 0.86640625 0.01484375 0.0453125 0.0296875
1 0.2734375 0.69140625 0.33125 0.2828125
1 0.6671875 0.79296875 0.2265625 0.2375