1 0.34765625 0.203125 0.1296875 0.1296875
1 0.13359375 0.278125 0.0296875 0.0296875
1 0.6296875 0.2203125 0.071875 0.071875
1 0.66796875 0.27890625 0.0953125 0.1078125
1 0.846875 0.28828125 0.071875 0.0734375
1 0.9640625 0.21953125 0.06875 0.1515625
1 0.93359375 0.19921875 0.03125 0.0328125
1 0.8484375 0.1984375 0.028125 0.025
1 0.015625 0.72109375 0.03125 0.1546875
1 0.1140625 0.740625 0.1015625 0.125
1 0.375 0.834375 0.0953125 0.1125
1 0.4578125 0.9484375 0.0609375 0.0515625
1 0.49140625 0.98046875 0.0328125 0.0359375
1 0.68203125 0.70234375 0.115625 0.11875
1 0.8296875 0.73828125 0.065625 0.1125