1 0.0125 0.365625 0.025 0.109375
1 0.1 0.5109375 0.11875 0.1109375
1 0.06328125 0.23515625 0.078125 0.0953125
1 0.0078125 0.18515625 0.015625 0.0828125
1 0.18828125 0.23203125 0.0671875 0.08125
1 0.24453125 0.43671875 0.0890625 0.0890625
1 0.28359375 0.32890625 0.071875 0.0984375
1 0.24609375 0.19921875 0.071875 0.090625
1 0.29296875 0.090625 0.0609375 0.0734375
2 0.165625 0.08671875 0.0515625 0.0546875
1 0.74140625 0.4609375 0.26875 0.3171875
1 0.2359375 0.90859375 0.303125 0.1796875
1 0.73984375 0.6828125 0.0734375 0.028125