1 0.1140625 0.3296875 0.159375 0.1703125
1 0.21953125 0.346875 0.053125 0.0671875
2 0.0296875 0.253125 0.0578125 0.08125
1 0.73515625 0.171875 0.190625 0.2046875
1 0.91796875 0.115625 0.1609375 0.203125
1 0.3296875 0.98984375 0.05625 0.0171875
2 0.3421875 0.85 0.05 0.05625
2 0.33984375 0.9171875 0.0421875 0.0375
2 0.2953125 0.86015625 0.0484375 0.046875
1 0.20546875 0.83203125 0.0390625 0.046875
2 0.25546875 0.915625 0.0484375 0.0484375
1 0.7859375 0.915625 0.128125 0.1453125
1 0.68984375 0.91953125 0.08125 0.075
1 0.50703125 0.834375 0.0703125 0.06875