1 0.00625 0.0875 0.0125 0.034375
1 0.0171875 0.396875 0.034375 0.05
1 0.08203125 0.2296875 0.0390625 0.0453125
1 0.21640625 0.00625 0.0328125 0.0125
1 0.3125 0.0046875 0.034375 0.009375
1 0.28359375 0.03203125 0.0359375 0.040625
1 0.24375 0.13203125 0.0359375 0.0390625
1 0.19375 0.18828125 0.0359375 0.04375
1 0.34921875 0.396875 0.0453125 0.0484375
1 0.41640625 0.121875 0.0359375 0.04375
1 0.43984375 0.2375 0.0390625 0.040625
1 0.540625 0.20703125 0.0359375 0.0390625
1 0.55390625 0.33671875 0.0265625 0.0421875
1 0.92109375 0.2484375 0.05 0.05
1 0.98203125 0.31484375 0.0328125 0.0421875
0 0.7546875 0.23984375 0.0671875 0.0703125
2 0.6390625 0.26484375 0.046875 0.0484375
2 0.87890625 0.25859375 0.0359375 0.040625
2 0.9890625 0.22265625 0.01875 0.0484375
1 0.203125 0.70234375 0.2453125 0.2796875
1 0.5984375 0.55625 0.059375 0.053125
1 0.8875 0.56953125 0.221875 0.0796875