2 0.4890625 0.009375 0.0375 0.01875
2 0.37578125 0.0234375 0.0265625 0.046875
2 0.453125 0.13046875 0.0328125 0.0453125
1 0.428125 0.22265625 0.059375 0.075
0 0.37890625 0.3078125 0.0640625 0.0796875
2 0.25546875 0.54140625 0.0890625 0.0328125
2 0.16171875 0.0171875 0.0359375 0.034375
2 0.128125 0.0234375 0.034375 0.046875
2 0.25234375 0.1296875 0.0453125 0.0515625
1 0.18828125 0.25234375 0.05 0.0703125
1 0.10703125 0.253125 0.0453125 0.065625
2 0.01484375 0.01875 0.0296875 0.0375
1 0.765625 0.4625 0.2875 0.190625
1 0.1359375 0.61640625 0.234375 0.1140625
2 0.60859375 0.86953125 0.1984375 0.2578125