1 0.0953125 0.0359375 0.053125 0.0609375
1 0.24921875 0.1171875 0.0265625 0.025
1 0.36796875 0.1 0.01875 0.021875
1 0.40546875 0.09140625 0.034375 0.0375
1 0.44375 0.0578125 0.04375 0.04375
1 0.4859375 0.053125 0.04375 0.065625
1 0.53203125 0.4171875 0.009375 0.00625
2 0.59140625 0.41796875 0.01875 0.0171875
1 0.675 0.39609375 0.05625 0.05625
1 0.79609375 0.44375 0.0515625 0.0484375
1 0.95625 0.4625 0.0375 0.03125
2 0.87421875 0.4359375 0.01875 0.0171875
1 0.31015625 0.6765625 0.08125 0.0765625
1 0.328125 0.9703125 0.0875 0.05625
1 0.08046875 0.77265625 0.078125 0.0640625