1 0.01875 0.05859375 0.0375 0.0453125
1 0.04140625 0.04453125 0.021875 0.0359375
1 0.04609375 0.18203125 0.053125 0.05625
1 0.084375 0.0625 0.034375 0.0375
1 0.1328125 0.06640625 0.034375 0.0421875
1 0.16484375 0.0765625 0.046875 0.0515625
1 0.2171875 0.09921875 0.04375 0.0484375
1 0.25234375 0.1203125 0.053125 0.059375
1 0.3125 0.140625 0.0609375 0.065625
1 0.328125 0.05625 0.034375 0.0453125
1 0.37265625 0.08984375 0.046875 0.0484375
1 0.76953125 0.39609375 0.0578125 0.05625
1 0.9796875 0.45234375 0.0375 0.0578125
1 0.15703125 0.7265625 0.0546875 0.06875
1 0.365625 0.66796875 0.065625 0.0578125
1 0.48515625 0.909375 0.1703125 0.178125
1 0.565625 0.7171875 0.103125 0.1359375
1 0.7515625 0.76875 0.1625 0.175
1 0.6265625 0.67109375 0.121875 0.0640625
1 0.9171875 0.8859375 0.1625 0.225