1 0.246875 0.153125 0.1796875 0.2015625
1 0.1625 0.2484375 0.2234375 0.184375
2 0.8 0.2078125 0.2703125 0.3390625
0 0.1265625 0.78046875 0.128125 0.1265625
1 0.990625 0.79375 0.015625 0.09375
1 0.91796875 0.84609375 0.06875 0.10625
1 0.8359375 0.9765625 0.11875 0.04375
1 0.81953125 0.73203125 0.0765625 0.0953125
1 0.8921875 0.66640625 0.06875 0.0796875
1 0.69609375 0.75234375 0.065625 0.0796875
1 0.68046875 0.959375 0.0890625 0.078125
1 0.62109375 0.865625 0.0703125 0.096875
1 0.6328125 0.73125 0.071875 0.0890625
1 0.57421875 0.634375 0.0484375 0.075
2 0.69140625 0.60546875 0.0515625 0.053125