1 0.01796875 0.303125 0.0359375 0.071875
1 0.04453125 0.29296875 0.0359375 0.06875
1 0.078125 0.3015625 0.0359375 0.0578125
1 0.13515625 0.24453125 0.05625 0.0609375
1 0.17890625 0.27578125 0.05625 0.05625
0 0.82265625 0.21015625 0.3203125 0.4203125
1 0.07109375 0.753125 0.1421875 0.26875
1 0.9890625 0.84296875 0.01875 0.0421875
1 0.92109375 0.84296875 0.0359375 0.04375
1 0.7796875 0.828125 0.040625 0.04375
1 0.734375 0.8203125 0.03125 0.0359375
1 0.6984375 0.81640625 0.03125 0.040625
1 0.6671875 0.77734375 0.0328125 0.0265625
1 0.6734375 0.85 0.0390625 0.040625
1 0.6078125 0.89453125 0.0578125 0.0578125
2 0.51484375 0.7984375 0.0453125 0.0484375
1 0.490625 0.90390625 0.0625 0.0703125
1 0.3796875 0.7765625 0.0390625 0.040625
1 0.38359375 0.88359375 0.053125 0.0453125
2 0.3234375 0.93125 0.028125 0.053125