1 0.484375 0.18203125 0.0453125 0.059375
1 0.3359375 0.13203125 0.0375 0.0421875
1 0.30546875 0.11328125 0.0203125 0.021875
2 0.2671875 0.10859375 0.0171875 0.01875
1 0.1796875 0.13203125 0.0390625 0.0359375
0 0.040625 0.06796875 0.0515625 0.0578125
1 0.15234375 0.08359375 0.015625 0.015625
1 0.9578125 0.29375 0.08125 0.09375
1 0.90234375 0.24453125 0.078125 0.0734375
1 0.81484375 0.20859375 0.096875 0.08125
1 0.71796875 0.17890625 0.0703125 0.084375
1 0.634375 0.1484375 0.0890625 0.0984375
1 0.7828125 0.78359375 0.0984375 0.109375
1 0.56796875 0.72890625 0.0578125 0.1015625