1 0.2859375 0.04140625 0.0875 0.0828125
2 0.85390625 0.096875 0.1671875 0.1703125
1 0.5484375 0.890625 0.0359375 0.05
1 0.4671875 0.88515625 0.0515625 0.0546875
1 0.2859375 0.984375 0.04375 0.028125
1 0.2375 0.95625 0.0375 0.0375
1 0.171875 0.98359375 0.046875 0.0296875
1 0.12578125 0.9875 0.0359375 0.021875
1 0.01796875 0.98359375 0.0359375 0.0296875
2 0.36328125 0.92890625 0.0421875 0.0453125
2 0.27265625 0.94609375 0.0296875 0.0296875
2 0.05859375 0.98359375 0.0359375 0.0296875
2 0.19296875 0.965625 0.0375 0.040625
1 0.6109375 0.98671875 0.0234375 0.0234375