1 0.4484375 0.28125 0.1 0.140625
1 0.20625 0.31640625 0.1109375 0.121875
1 0.04921875 0.3140625 0.0984375 0.125
1 0.984375 0.184375 0.028125 0.06875
1 0.9671875 0.4046875 0.0609375 0.059375
1 0.9109375 0.4546875 0.08125 0.078125
1 0.853125 0.06015625 0.0640625 0.059375
1 0.86015625 0.21640625 0.059375 0.0671875
1 0.765625 0.053125 0.075 0.075
1 0.69375 0.0140625 0.05625 0.028125
1 0.61484375 0.09453125 0.071875 0.0625
1 0.5609375 0.2984375 0.0796875 0.06875
1 0.64453125 0.696875 0.1796875 0.2015625