1 0.53203125 0.0359375 0.1109375 0.071875
1 0.46875 0.32265625 0.2375 0.1546875
1 0.22890625 0.01484375 0.1265625 0.0296875
1 0.7953125 0.1578125 0.353125 0.315625
1 0.5703125 0.6 0.034375 0.159375
1 0.39296875 0.62734375 0.1109375 0.1234375
1 0.9875 0.68125 0.021875 0.0625
1 0.953125 0.771875 0.05625 0.0671875
1 0.87109375 0.76953125 0.0625 0.0703125
1 0.8265625 0.71640625 0.0625 0.0625
1 0.7578125 0.740625 0.0625 0.06875
1 0.703125 0.7140625 0.065625 0.0703125
1 0.59765625 0.71796875 0.0171875 0.0609375
1 0.9328125 0.70546875 0.05625 0.059375