1 0.390625 0.26796875 0.153125 0.2921875
1 0.94453125 0.12421875 0.05625 0.071875
2 0.9 0.18046875 0.025 0.0265625
1 0.81484375 0.17734375 0.015625 0.0203125
1 0.73984375 0.15078125 0.0828125 0.0828125
1 0.53359375 0.1359375 0.1 0.1140625
1 0.80234375 0.20703125 0.01875 0.01875
1 0.1390625 0.45078125 0.1 0.0234375
1 0.53515625 0.69765625 0.109375 0.1109375
1 0.94296875 0.5859375 0.0078125 0.021875
1 0.83046875 0.59140625 0.015625 0.0203125
1 0.7984375 0.58671875 0.0203125 0.0203125
1 0.69453125 0.61015625 0.0171875 0.0265625
2 0.721875 0.5875 0.025 0.0265625
1 0.63671875 0.59921875 0.0203125 0.0265625
1 0.5765625 0.60859375 0.021875 0.028125