1 0.2984375 0.29609375 0.1109375 0.1078125
1 0.65078125 0.0890625 0.034375 0.0375
1 0.70234375 0.0921875 0.034375 0.0453125
1 0.73515625 0.10234375 0.0484375 0.0546875
1 0.7828125 0.12578125 0.0421875 0.04375
1 0.81875 0.1515625 0.053125 0.0546875
1 0.8765625 0.1703125 0.0609375 0.0609375
1 0.93671875 0.11484375 0.04375 0.0484375
2 0.97890625 0.121875 0.0390625 0.0375
2 0.16328125 0.67265625 0.0765625 0.0546875
2 0.29765625 0.6828125 0.0296875 0.0328125
1 0.4953125 0.68984375 0.025 0.025
2 0.5625 0.70703125 0.071875 0.0515625
1 0.9609375 0.575 0.0625 0.0625
1 0.884375 0.621875 0.05625 0.0484375