1 0.02265625 0.0859375 0.0453125 0.128125
1 0.14765625 0.03046875 0.0375 0.0390625
1 0.2484375 0.02890625 0.059375 0.0578125
1 0.45234375 0.02734375 0.021875 0.025
1 0.53046875 0.03203125 0.0484375 0.0515625
1 0.59765625 0.00625 0.0203125 0.0125
1 0.690625 0.04921875 0.015625 0.0484375
1 0.48359375 0.00546875 0.0203125 0.0109375
1 0.66796875 0.003125 0.0203125 0.00625
1 0.07734375 0.52890625 0.046875 0.04375
1 0.190625 0.5578125 0.04375 0.0390625
1 0.2796875 0.5640625 0.0578125 0.05625
1 0.42109375 0.53359375 0.0390625 0.0421875
1 0.49375 0.55 0.03125 0.0390625
1 0.56875 0.5484375 0.0375 0.03125
1 0.61953125 0.54140625 0.0375 0.0421875
1 0.9453125 0.45546875 0.078125 0.0734375