1 0.07421875 0.075 0.1484375 0.15
1 0.253125 0.04296875 0.059375 0.0703125
2 0.32890625 0.04609375 0.0984375 0.0921875
1 0.38984375 0.38984375 0.0203125 0.0453125
1 0.54921875 0.38359375 0.03125 0.0375
1 0.77734375 0.3484375 0.0390625 0.0421875
2 0.61328125 0.38125 0.0359375 0.0421875
1 0.01015625 0.80234375 0.0203125 0.0390625
1 0.05703125 0.82109375 0.0421875 0.0421875
1 0.128125 0.809375 0.0421875 0.0390625
1 0.23125 0.8234375 0.0578125 0.05625
1 0.26953125 0.75 0.05 0.05
1 0.3640625 0.7484375 0.028125 0.04375
1 0.08359375 0.80625 0.021875 0.028125