1 0.24609375 0.2421875 0.053125 0.05625
1 0.90859375 0.3765625 0.0796875 0.103125
1 0.7453125 0.27890625 0.090625 0.078125
1 0.93203125 0.22890625 0.0484375 0.0484375
1 0.69453125 0.15 0.04375 0.046875
1 0.55625 0.28203125 0.053125 0.05625
1 0.49453125 0.24375 0.0390625 0.05
1 0.39609375 0.24921875 0.0359375 0.0546875
1 0.44453125 0.3515625 0.0609375 0.065625
1 0.421875 0.125 0.0265625 0.0390625
1 0.55234375 0.15703125 0.01875 0.034375
1 0.21328125 0.57890625 0.1328125 0.153125
1 0.57109375 0.63984375 0.0703125 0.0703125
2 0.7671875 0.65859375 0.0578125 0.06875
2 0.984375 0.7078125 0.028125 0.04375
2 0.88359375 0.6375 0.0265625 0.0390625
2 0.690625 0.68359375 0.0296875 0.0296875