2 0.334375 0.03671875 0.0578125 0.06875
2 0.11015625 0.078125 0.0390625 0.0421875
2 0.2203125 0.015625 0.028125 0.03125
2 0.06484375 0.02265625 0.0375 0.0375
2 0.4109375 0.06484375 0.0296875 0.0296875
1 0.503125 0.31875 0.06875 0.059375
1 0.75546875 0.27421875 0.1203125 0.1203125
1 0.58359375 0.34375 0.0234375 0.009375
1 0.68671875 0.3390625 0.0234375 0.01875
2 0.84765625 0.3421875 0.0265625 0.0125
2 0.92890625 0.34375 0.0265625 0.009375
2 0.08046875 0.67109375 0.153125 0.165625
2 0.42421875 0.92421875 0.0453125 0.121875
1 0.7328125 0.51015625 0.121875 0.1515625
1 0.90625 0.59453125 0.10625 0.10625