1 0.203125 0.3453125 0.2984375 0.3640625
1 0.528125 0.2328125 0.0265625 0.0359375
1 0.49921875 0.259375 0.040625 0.0390625
1 0.4671875 0.53046875 0.034375 0.0828125
1 0.61171875 0.46015625 0.065625 0.071875
1 0.68671875 0.3390625 0.0578125 0.065625
1 0.66171875 0.18671875 0.0203125 0.0203125
1 0.71796875 0.19296875 0.01875 0.0265625
1 0.8171875 0.20546875 0.03125 0.028125
1 0.80859375 0.3 0.0546875 0.0625
1 0.84140625 0.39296875 0.065625 0.0703125
1 0.9171875 0.290625 0.059375 0.0625
1 0.27109375 0.93125 0.065625 0.071875
1 0.54609375 0.9421875 0.1921875 0.1125
1 0.925 0.95703125 0.146875 0.0828125