1 0.38203125 0.103125 0.1109375 0.1125
1 0.225 0.01328125 0.0171875 0.0265625
1 0.2828125 0.00859375 0.021875 0.0171875
1 0.34296875 0.0140625 0.0234375 0.028125
1 0.5 0.0390625 0.0171875 0.0265625
1 0.54375 0.03515625 0.0109375 0.0203125
1 0.5828125 0.05703125 0.0140625 0.0203125
1 0.00625 0.48125 0.0125 0.059375
1 0.05546875 0.4640625 0.0484375 0.0515625
1 0.1578125 0.4765625 0.0515625 0.0515625
1 0.2546875 0.47109375 0.046875 0.046875
1 0.31328125 0.4921875 0.05 0.059375
1 0.4453125 0.52109375 0.05 0.0546875
1 0.4703125 0.49765625 0.0328125 0.059375
1 0.578125 0.51875 0.028125 0.034375
1 0.6609375 0.45703125 0.053125 0.0703125
2 0.60234375 0.5265625 0.0390625 0.05
2 0.365625 0.52890625 0.0484375 0.0546875
2 0.2234375 0.496875 0.053125 0.059375
1 0.98515625 0.44140625 0.0265625 0.0453125
2 0.88125 0.41640625 0.046875 0.0515625
2 0.81953125 0.4046875 0.0421875 0.0515625
2 0.7421875 0.39609375 0.05 0.0671875