1 0.36171875 0.43203125 0.0578125 0.0546875
1 0.22734375 0.4 0.0578125 0.0546875
1 0.0484375 0.34765625 0.0328125 0.0578125
1 0.02109375 0.33515625 0.0421875 0.0640625
1 0.0921875 0.2296875 0.040625 0.04375
1 0.171875 0.228125 0.0453125 0.0453125
1 0.29609375 0.2796875 0.053125 0.046875
1 0.3953125 0.29453125 0.0515625 0.046875
1 0.3734375 0.11171875 0.040625 0.0453125
1 0.3171875 0.11328125 0.0359375 0.0453125
1 0.21015625 0.075 0.0359375 0.0453125
1 0.128125 0.0828125 0.0328125 0.040625
1 0.0171875 0.05703125 0.0328125 0.040625
1 0.0484375 0.01640625 0.034375 0.0328125
1 0.17265625 0.021875 0.0328125 0.04375
1 0.32421875 0.015625 0.0296875 0.03125
1 0.41171875 0.03828125 0.0359375 0.0453125
1 0.75703125 0.43828125 0.2484375 0.1203125
1 0.67265625 0.678125 0.1265625 0.15625
1 0.84296875 0.76875 0.109375 0.109375