1 0.2140625 0.3921875 0.3109375 0.36875
2 0.47578125 0.046875 0.0328125 0.09375
1 0.54296875 0.17890625 0.1375 0.1375
1 0.83828125 0.16484375 0.2015625 0.2171875
1 0.69375 0.09375 0.0625 0.0625
1 0.53515625 0.70234375 0.05625 0.0578125
1 0.61640625 0.7453125 0.05 0.05625
1 0.79765625 0.75625 0.0640625 0.0640625
1 0.853125 0.7546875 0.0484375 0.0546875
1 0.88125 0.89140625 0.0625 0.0671875
1 0.9265625 0.76015625 0.034375 0.0375
1 0.975 0.7609375 0.0328125 0.05
1 0.98984375 0.77421875 0.0171875 0.0578125
1 0.81953125 0.721875 0.0421875 0.0421875
1 0.753125 0.7109375 0.0421875 0.0390625