1 0.375 0.3625 0.06875 0.0765625
1 0.5875 0.35 0.06875 0.071875
2 0.1015625 0.3703125 0.046875 0.0546875
2 0.26875 0.3140625 0.05625 0.0546875
2 0.709375 0.315625 0.0375 0.0546875
2 0.4546875 0.346875 0.0265625 0.0375
1 0.88125 0.29375 0.0890625 0.0921875
1 0.10625 0.53671875 0.165625 0.0734375
1 0.3984375 0.5671875 0.059375 0.0625
1 0.56875 0.590625 0.06875 0.09375
1 0.7125 0.58671875 0.071875 0.0828125
1 0.815625 0.6953125 0.0515625 0.05625
1 0.79375 0.978125 0.053125 0.040625
1 0.98203125 0.71953125 0.0328125 0.0890625