1 0.2203125 0.115625 0.0734375 0.08125
1 0.09140625 0.03671875 0.0640625 0.06875
1 0.5609375 0.0234375 0.053125 0.046875
2 0.609375 0.06328125 0.021875 0.025
1 0.69375 0.05234375 0.0140625 0.01875
1 0.7671875 0.02890625 0.078125 0.0578125
1 0.96171875 0.0203125 0.0734375 0.040625
1 0.709375 0.08046875 0.0171875 0.0171875
1 0.01875 0.66875 0.0375 0.053125
1 0.16953125 0.6828125 0.0375 0.0390625
1 0.2328125 0.69453125 0.0609375 0.0640625
1 0.25859375 0.75625 0.065625 0.0703125
1 0.34140625 0.69296875 0.0375 0.0375
1 0.41953125 0.68515625 0.0484375 0.0484375
1 0.475 0.69765625 0.046875 0.0671875
1 0.57421875 0.92109375 0.1484375 0.1546875