1 0.80078125 0.06015625 0.1109375 0.1203125
1 0.021875 0.8421875 0.028125 0.0359375
1 0.003125 0.8390625 0.00625 0.0375
1 0.07890625 0.89609375 0.01875 0.0265625
1 0.078125 0.75078125 0.028125 0.0328125
1 0.05859375 0.721875 0.0328125 0.0203125
1 0.0296875 0.63984375 0.028125 0.0265625
1 0.0140625 0.596875 0.0265625 0.0234375
1 0.04765625 0.56171875 0.0234375 0.028125
1 0.08203125 0.5859375 0.0234375 0.0265625
1 0.09765625 0.65 0.0203125 0.0234375
1 0.22734375 0.865625 0.0328125 0.0328125
1 0.27421875 0.9125 0.0359375 0.0328125
1 0.20546875 0.69296875 0.0265625 0.0234375
1 0.20703125 0.59921875 0.0265625 0.0203125
1 0.1375 0.59140625 0.0234375 0.0265625
1 0.1546875 0.56953125 0.0203125 0.0203125
1 0.15859375 0.53203125 0.01875 0.0203125
1 0.09921875 0.49375 0.0203125 0.0203125
1 0.01328125 0.40234375 0.0203125 0.0203125
1 0.08359375 0.42265625 0.01875 0.0203125
1 0.125 0.39296875 0.015625 0.01875
1 0.21640625 0.44765625 0.01875 0.0203125
2 0.2390625 0.43203125 0.01875 0.015625
1 0.234375 0.528125 0.0203125 0.01875
1 0.2765625 0.5875 0.0203125 0.0234375
1 0.3078125 0.70859375 0.01875 0.0328125
1 0.30390625 0.615625 0.0234375 0.0265625
1 0.2703125 0.4078125 0.015625 0.01875
1 0.23046875 0.378125 0.01875 0.01875
1 0.29453125 0.3734375 0.0140625 0.01875
2 0.309375 0.45234375 0.015625 0.01875
1 0.446875 0.765625 0.1109375 0.1015625
1 0.74453125 0.67109375 0.0890625 0.0875
1 0.9859375 0.646875 0.025 0.08125
0 0.9234375 0.67265625 0.0453125 0.059375
2 0.65390625 0.69765625 0.05 0.0578125