1 0.56875 0.078125 0.0390625 0.0359375
1 0.47578125 0.0953125 0.03125 0.0390625
1 0.26484375 0.090625 0.0390625 0.0390625
1 0.20390625 0.05078125 0.04375 0.0484375
1 0.021875 0.10234375 0.04375 0.1046875
1 0.18515625 0.19609375 0.04375 0.04375
2 0.06796875 0.11171875 0.05625 0.0453125
2 0.5109375 0.06171875 0.0234375 0.0265625
1 0.60234375 0.05703125 0.0203125 0.03125
2 0.6796875 0.0421875 0.015625 0.046875
1 0.34140625 0.046875 0.0359375 0.0359375
1 0.85234375 0.390625 0.2921875 0.253125
1 0.75703125 0.9875 0.0546875 0.021875
1 0.7171875 0.96953125 0.05625 0.0578125
2 0.80859375 0.97421875 0.0421875 0.0484375
1 0.9828125 0.9171875 0.03125 0.040625
1 0.73125 0.9078125 0.0453125 0.0453125
1 0.85 0.84453125 0.01875 0.01875