1 0.22578125 0.17421875 0.0828125 0.1859375
1 0.1765625 0.40625 0.0546875 0.05625
1 0.13203125 0.59453125 0.0515625 0.0546875
1 0.01328125 0.47109375 0.0265625 0.0609375
1 0.93515625 0.5546875 0.0625 0.065625
0 0.78671875 0.6078125 0.0515625 0.0515625
1 0.678125 0.559375 0.0578125 0.0609375
1 0.68515625 0.83671875 0.1140625 0.1390625
1 0.63046875 0.703125 0.09375 0.0953125
1 0.490625 0.56953125 0.034375 0.0421875
1 0.42109375 0.696875 0.0984375 0.1109375
0 0.34765625 0.5515625 0.0390625 0.05
1 0.3328125 0.61953125 0.0484375 0.0546875
1 0.28359375 0.72421875 0.0296875 0.0703125
1 0.99140625 0.7546875 0.0140625 0.0875