1 0.19375 0.37421875 0.26875 0.2484375
1 0.9203125 0.209375 0.15625 0.225
1 0.675 0.08046875 0.05 0.1609375
1 0.6140625 0.7359375 0.06875 0.1
1 0.6171875 0.934375 0.0625 0.075
1 0.41796875 0.803125 0.0953125 0.1078125
1 0.38984375 0.95625 0.0890625 0.084375
1 0.3375 0.77109375 0.0828125 0.0875
1 0.19375 0.87578125 0.084375 0.0984375
1 0.10546875 0.609375 0.0875 0.09375
1 0.01015625 0.52890625 0.0203125 0.0578125
1 0.00859375 0.6578125 0.0171875 0.090625
1 0.0984375 0.78125 0.084375 0.0953125
1 0.01953125 0.821875 0.0390625 0.103125
1 0.10703125 0.95 0.09375 0.0921875
0 0.93828125 0.71640625 0.1203125 0.1515625