1 0.71328125 0.16875 0.0640625 0.0640625
1 0.684375 0.02734375 0.06875 0.0546875
0 0.76875 0.51015625 0.01875 0.0859375
1 0.696875 0.33515625 0.059375 0.071875
1 0.47265625 0.0546875 0.065625 0.0609375
1 0.4734375 0.1546875 0.071875 0.0734375
1 0.44765625 0.2671875 0.0671875 0.0734375
1 0.55703125 0.65234375 0.075 0.0859375
1 0.4109375 0.5109375 0.0765625 0.0734375
1 0.35234375 0.56328125 0.08125 0.0859375
1 0.2859375 0.3046875 0.059375 0.0671875
1 0.27578125 0.1359375 0.0671875 0.071875
1 0.18203125 0.1265625 0.0640625 0.0796875
1 0.11171875 0.009375 0.0484375 0.01875
1 0.02734375 0.1765625 0.0546875 0.06875
1 0.3515625 0.95546875 0.253125 0.0859375
1 0.93125 0.83984375 0.0421875 0.0453125