2 0.36796875 0.13359375 0.0203125 0.0703125
1 0.3078125 0.175 0.1109375 0.121875
1 0.2109375 0.1765625 0.0875 0.1046875
2 0.1765625 0.02109375 0.046875 0.0421875
1 0.00625 0.06796875 0.0125 0.0453125
1 0.11328125 0.11953125 0.0484375 0.0484375
1 0.071875 0.18046875 0.075 0.0828125
1 0.11171875 0.44765625 0.1390625 0.0796875
2 0.25390625 0.01796875 0.0328125 0.0359375
1 0.875 0.1921875 0.246875 0.384375
1 0.3140625 0.60703125 0.128125 0.1390625
1 0.0890625 0.596875 0.0734375 0.06875
1 0.0515625 0.50859375 0.06875 0.0390625
1 0.03125 0.5515625 0.0609375 0.0734375
1 0.8296875 0.93359375 0.128125 0.1296875
1 0.5359375 0.9171875 0.1296875 0.13125