2 0.4390625 0.221875 0.05625 0.075
2 0.37734375 0.2828125 0.065625 0.059375
2 0.36640625 0.37265625 0.071875 0.0765625
2 0.321875 0.19921875 0.0640625 0.0734375
2 0.22421875 0.33828125 0.08125 0.0890625
1 0.1140625 0.34609375 0.0953125 0.1078125
2 0.0296875 0.19609375 0.059375 0.0734375
2 0.08828125 0.184375 0.0578125 0.053125
1 0.78671875 0.021875 0.0609375 0.04375
1 0.715625 0.0109375 0.0625 0.021875
1 0.640625 0.03671875 0.0421875 0.05
0 0.33046875 0.8078125 0.2734375 0.38125
1 0.6890625 0.7109375 0.390625 0.34375