1 0.4375 0.2140625 0.0546875 0.071875
1 0.1875 0.1953125 0.06875 0.06875
2 0.01015625 0.2109375 0.0203125 0.06875
2 0.0671875 0.2375 0.0296875 0.0296875
1 0.89375 0.321875 0.0375 0.04375
2 0.9421875 0.3078125 0.0265625 0.0265625
1 0.30625 0.6578125 0.075 0.09375
1 0.3625 0.665625 0.05 0.059375
1 0.19375 0.6609375 0.05625 0.0796875
1 0.025 0.70234375 0.05 0.0828125
1 0.528125 0.7015625 0.03125 0.0421875
1 0.665625 0.6546875 0.0296875 0.034375
1 0.5625 0.6828125 0.0125 0.0140625
1 0.609375 0.6828125 0.0171875 0.01875
1 0.7609375 0.66875 0.01875 0.0125
1 0.8234375 0.678125 0.0296875 0.0296875
1 0.96640625 0.64765625 0.0640625 0.1828125
2 0.8515625 0.65 0.0140625 0.01875