2 0.203125 0.053125 0.059375 0.0625
0 0.5171875 0.2171875 0.0296875 0.025
2 0.49921875 0.26328125 0.0203125 0.0359375
1 0.5359375 0.2703125 0.0375 0.0390625
1 0.578125 0.2359375 0.034375 0.0421875
1 0.6703125 0.2140625 0.0296875 0.0296875
1 0.625 0.2859375 0.0390625 0.0421875
1 0.6484375 0.334375 0.0421875 0.05
1 0.721875 0.2078125 0.0375 0.0390625
1 0.6890625 0.1421875 0.0265625 0.025
1 0.634375 0.11875 0.021875 0.0265625
1 0.7375 0.1453125 0.025 0.0265625
1 0.85 0.0953125 0.025 0.025
1 0.909375 0.1015625 0.0171875 0.01875
1 0.09921875 0.58671875 0.1984375 0.3734375
1 0.603125 0.7265625 0.121875 0.134375
1 0.7984375 0.6703125 0.121875 0.13125