1 0.2484375 0.47578125 0.2625 0.346875
1 0.89921875 0.478125 0.0640625 0.0515625
1 0.853125 0.52734375 0.0734375 0.0640625
1 0.91640625 0.284375 0.0578125 0.0578125
1 0.92890625 0.1921875 0.0640625 0.053125
1 0.92109375 0.1125 0.05625 0.0453125
1 0.775 0.32578125 0.0484375 0.0515625
1 0.75234375 0.190625 0.053125 0.05625
1 0.68828125 0.190625 0.0171875 0.059375
1 0.609375 0.86953125 0.1375 0.1015625
1 0.384375 0.93046875 0.1140625 0.11875
1 0.30390625 0.97109375 0.0828125 0.0546875
1 0.26796875 0.86328125 0.0765625 0.0765625
1 0.19375 0.959375 0.115625 0.078125
1 0.8234375 0.90859375 0.2875 0.1796875