1 0.05390625 0.0984375 0.1078125 0.15
1 0.0421875 0.32109375 0.084375 0.1234375
1 0.03671875 0.54296875 0.0734375 0.1265625
1 0.36796875 0.115625 0.1203125 0.140625
1 0.32578125 0.33515625 0.1171875 0.134375
1 0.321875 0.53515625 0.2125 0.2203125
1 0.67890625 0.40703125 0.0921875 0.0875
1 0.946875 0.29921875 0.0734375 0.084375
1 0.98828125 0.31484375 0.0203125 0.0859375
1 0.9890625 0.6140625 0.01875 0.06875
1 0.13359375 0.83125 0.14375 0.159375
1 0.65 0.88671875 0.28125 0.2234375
1 0.88671875 0.73984375 0.1734375 0.165625