2 0.959375 0.159375 0.078125 0.31875
1 0.0796875 0.45859375 0.0453125 0.0390625
1 0.640625 0.48046875 0.0203125 0.028125
1 0.68671875 0.46796875 0.0234375 0.0265625
2 0.62421875 0.5015625 0.03125 0.028125
2 0.63125 0.53515625 0.028125 0.028125
1 0.6140625 0.59765625 0.028125 0.0265625
2 0.6515625 0.6265625 0.0203125 0.028125
2 0.63125 0.65859375 0.0234375 0.03125
2 0.6390625 0.71328125 0.03125 0.0328125
2 0.61796875 0.77109375 0.0390625 0.0359375
2 0.6546875 0.8140625 0.0328125 0.028125
2 0.6703125 0.92578125 0.0359375 0.0265625
2 0.68984375 0.97890625 0.0453125 0.0390625
2 0.65703125 0.971875 0.015625 0.0265625
1 0.70234375 0.68046875 0.0328125 0.03125
2 0.73515625 0.70546875 0.0359375 0.0390625
2 0.73984375 0.646875 0.0359375 0.0328125
2 0.71171875 0.6453125 0.0265625 0.03125
2 0.6984375 0.53671875 0.01875 0.0234375
2 0.71953125 0.54921875 0.03125 0.03125
2 0.7515625 0.47421875 0.0265625 0.028125
2 0.76328125 0.559375 0.03125 0.03125
2 0.81015625 0.55078125 0.0265625 0.0234375
2 0.81484375 0.61796875 0.0328125 0.03125
2 0.79921875 0.725 0.03125 0.0265625
2 0.75078125 0.81875 0.028125 0.0359375
2 0.78828125 0.84609375 0.0359375 0.0359375
2 0.83203125 0.8421875 0.0328125 0.0359375
2 0.8328125 0.7390625 0.0359375 0.0359375
2 0.8359375 0.9796875 0.03125 0.0359375
2 0.78828125 0.49921875 0.028125 0.0265625
2 0.828125 0.4796875 0.01875 0.0265625
2 0.815625 0.44765625 0.0234375 0.0203125
2 0.88359375 0.459375 0.0234375 0.0234375
2 0.859375 0.48125 0.0265625 0.01875
2 0.890625 0.5078125 0.03125 0.0234375
2 0.88125 0.56953125 0.0359375 0.0265625
2 0.90390625 0.55390625 0.0140625 0.0265625
2 0.878125 0.62890625 0.0328125 0.0265625
2 0.909375 0.65703125 0.0328125 0.0328125
2 0.93515625 0.66015625 0.01875 0.028125
2 0.92578125 0.7234375 0.0328125 0.0328125
2 0.921875 0.8078125 0.0390625 0.028125
2 0.9609375 0.8890625 0.0359375 0.0328125
2 0.97890625 0.93203125 0.0234375 0.0203125
2 0.98984375 0.984375 0.0171875 0.028125
2 0.92890625 0.46015625 0.01875 0.01875