1 0.18203125 0.090625 0.0578125 0.0734375
1 0.4265625 0.2265625 0.025 0.0296875
2 0.415625 0.3 0.0125 0.028125
2 0.45546875 0.34453125 0.01875 0.025
1 0.42109375 0.15546875 0.0234375 0.0265625
1 0.47109375 0.15859375 0.0125 0.025
2 0.43203125 0.0953125 0.021875 0.021875
1 0.5625 0.32890625 0.0296875 0.03125
1 0.63046875 0.4453125 0.03125 0.03125
1 0.5921875 0.2921875 0.025 0.0296875
2 0.5859375 0.21328125 0.01875 0.021875
1 0.56328125 0.17421875 0.01875 0.025
1 0.6609375 0.21640625 0.01875 0.025
1 0.6828125 0.3328125 0.0296875 0.0296875
1 0.7203125 0.396875 0.0265625 0.034375
1 0.6890625 0.390625 0.0296875 0.034375
1 0.77421875 0.453125 0.0171875 0.025
1 0.78125 0.3078125 0.0265625 0.03125
1 0.76328125 0.27890625 0.03125 0.01875
1 0.73828125 0.19453125 0.0265625 0.025
1 0.6453125 0.15078125 0.0265625 0.025
1 0.51796875 0.0890625 0.021875 0.0171875
2 0.50546875 0.0671875 0.01875 0.021875
2 0.56328125 0.09453125 0.025 0.025
2 0.59921875 0.0796875 0.01875 0.01875
1 0.66796875 0.09453125 0.021875 0.021875
1 0.6453125 0.05703125 0.025 0.021875
1 0.6234375 0.034375 0.0171875 0.01875
1 0.7 0.028125 0.01875 0.0171875
1 0.5390625 0.0578125 0.0171875 0.01875
1 0.725 0.15078125 0.025 0.021875
1 0.7609375 0.11796875 0.021875 0.0265625
1 0.79375 0.14375 0.021875 0.025
1 0.80625 0.209375 0.01875 0.021875
1 0.92421875 0.43046875 0.03125 0.03125
1 0.96875 0.4796875 0.034375 0.03125
1 0.91171875 0.25703125 0.025 0.021875
1 0.91796875 0.16328125 0.025 0.01875
1 0.8484375 0.15234375 0.021875 0.025
1 0.8671875 0.13125 0.01875 0.01875
1 0.87265625 0.09375 0.0171875 0.01875
1 0.815625 0.05234375 0.01875 0.01875
1 0.93515625 0.01328125 0.0171875 0.01875
2 0.959375 0.003125 0.01875 0.00625
1 0.94921875 0.09375 0.01875 0.0171875
1 0.98828125 0.15625 0.01875 0.021875
1 0.17734375 0.70625 0.0828125 0.0734375
1 0.34375 0.7484375 0.0390625 0.05625
1 0.034375 0.63828125 0.021875 0.04375
2 0.61796875 0.63828125 0.040625 0.046875
2 0.4484375 0.73671875 0.0515625 0.0609375
2 0.74296875 0.86953125 0.0609375 0.065625
1 0.86953125 0.7859375 0.0734375 0.0765625
2 0.98828125 0.7140625 0.0203125 0.046875
2 0.9828125 0.79296875 0.03125 0.0671875