1 0.44453125 0.103125 0.2078125 0.20625
1 0.875 0.05078125 0.084375 0.090625
2 0.60859375 0.03828125 0.0734375 0.0765625
1 0.309375 0.9609375 0.065625 0.075
1 0.38046875 0.89140625 0.0421875 0.0765625
1 0.27109375 0.73359375 0.0265625 0.028125
2 0.46015625 0.71875 0.0265625 0.0328125
2 0.215625 0.69609375 0.0203125 0.0328125
2 0.3859375 0.81640625 0.0390625 0.0359375
1 0.07265625 0.76875 0.028125 0.0234375
2 0.0296875 0.78203125 0.0390625 0.040625
2 0.02109375 0.85078125 0.0296875 0.0578125
2 0.0078125 0.77578125 0.015625 0.0328125
1 0.85546875 0.90234375 0.2640625 0.1921875
1 0.5984375 0.921875 0.096875 0.153125