1 0.175 0.06171875 0.1015625 0.0984375
1 0.90703125 0.0296875 0.046875 0.0546875
1 0.67734375 0.05703125 0.0375 0.0421875
1 0.5421875 0.10234375 0.0484375 0.059375
1 0.17890625 0.8359375 0.13125 0.153125
1 0.08203125 0.9171875 0.0828125 0.1125
1 0.0796875 0.6390625 0.05 0.0640625
1 0.0296875 0.61015625 0.0546875 0.059375
1 0.11796875 0.67578125 0.06875 0.0609375
1 0.04453125 0.5296875 0.040625 0.0375
1 0.91171875 0.70625 0.1734375 0.2125
1 0.62109375 0.57890625 0.159375 0.1765625
1 0.48828125 0.73515625 0.1765625 0.2015625