1 0.02109375 0.29375 0.0421875 0.065625
1 0.034375 0.575 0.059375 0.046875
1 0.1984375 0.2875 0.084375 0.0984375
1 0.36171875 0.2109375 0.1109375 0.1296875
1 0.4421875 0.25703125 0.0796875 0.084375
1 0.51015625 0.06953125 0.0203125 0.0546875
1 0.57109375 0.03046875 0.0953125 0.0609375
1 0.66640625 0.01171875 0.0515625 0.0234375
1 0.76484375 0.03203125 0.034375 0.034375
1 0.82734375 0.0109375 0.0515625 0.021875
1 0.92109375 0.0171875 0.0421875 0.034375
1 0.04296875 0.684375 0.0765625 0.090625
1 0.20078125 0.6390625 0.1078125 0.078125
1 0.28515625 0.66328125 0.071875 0.0875
1 0.73828125 0.72890625 0.1609375 0.1546875