1 0.0546875 0.01015625 0.046875 0.0203125
1 0.14375 0.01796875 0.059375 0.0359375
1 0.359375 0.009375 0.034375 0.01875
1 0.434375 0.00703125 0.040625 0.0140625
1 0.484375 0.00703125 0.040625 0.0140625
1 0.58984375 0.0234375 0.0578125 0.046875
1 0.90703125 0.1109375 0.1609375 0.1734375
1 0.68125 0.05625 0.040625 0.04375
1 0.021875 0.44609375 0.04375 0.1109375
1 0.25078125 0.578125 0.0953125 0.096875
1 0.51015625 0.6828125 0.090625 0.096875
1 0.3859375 0.59375 0.096875 0.090625
1 0.696875 0.746875 0.0484375 0.0484375
1 0.7859375 0.7046875 0.084375 0.090625
1 0.8828125 0.70390625 0.04375 0.0578125
1 0.97109375 0.76328125 0.03125 0.03125