1 0.43671875 0.2828125 0.134375 0.1515625
1 0.55078125 0.04296875 0.0421875 0.0578125
1 0.71328125 0.2828125 0.0625 0.0625
1 0.7109375 0.1890625 0.06875 0.059375
1 0.7265625 0.1109375 0.0609375 0.05
1 0.85078125 0.334375 0.0546875 0.046875
1 0.88671875 0.20625 0.0578125 0.0609375
1 0.96953125 0.21484375 0.0578125 0.0640625
1 0.02109375 0.57421875 0.034375 0.0328125
1 0.128125 0.57109375 0.0359375 0.040625
1 0.1921875 0.5875 0.0390625 0.0421875
1 0.28046875 0.56328125 0.0390625 0.0390625
2 0.0890625 0.57265625 0.034375 0.0421875
1 0.67734375 0.44296875 0.2109375 0.1671875
1 0.90859375 0.6109375 0.1796875 0.25625