1 0.02734375 0.225 0.0546875 0.084375
2 0.075 0.13515625 0.0359375 0.0671875
1 0.14609375 0.17265625 0.1078125 0.1203125
1 0.24296875 0.16953125 0.0859375 0.103125
2 0.2703125 0.01640625 0.046875 0.0328125
1 0.44296875 0.04921875 0.0109375 0.0453125
1 0.3375 0.10703125 0.0484375 0.0484375
1 0.38203125 0.165625 0.0734375 0.08125
1 0.35703125 0.44375 0.1359375 0.0953125
1 0.03828125 0.0046875 0.0328125 0.009375
2 0.1921875 0.01484375 0.03125 0.0296875
1 0.74609375 0.4359375 0.2828125 0.203125
1 0.1734375 0.57265625 0.109375 0.0671875
2 0.35234375 0.67421875 0.09375 0.0953125
1 0.47578125 0.8703125 0.040625 0.05
1 0.52109375 0.84765625 0.040625 0.046875
1 0.69140625 0.86640625 0.04375 0.046875
1 0.81953125 0.86875 0.04375 0.05