1 0.4078125 0.35078125 0.08125 0.1421875
1 0.75859375 0.0671875 0.3171875 0.134375
2 0.42109375 0.94921875 0.0546875 0.0984375
1 0.396875 0.8140625 0.1046875 0.1078125
1 0.3328125 0.78984375 0.046875 0.053125
2 0.26015625 0.81484375 0.1078125 0.1109375
1 0.165625 0.94375 0.13125 0.109375
1 0.07109375 0.91484375 0.096875 0.0953125
1 0.03828125 0.79375 0.05625 0.0875
2 0.18359375 0.771875 0.0765625 0.084375
0 0.09453125 0.72890625 0.0796875 0.0796875
2 0.3453125 0.6984375 0.0640625 0.0640625
1 0.38046875 0.715625 0.0421875 0.0515625
1 0.43046875 0.6875 0.0359375 0.05
1 0.37421875 0.62421875 0.03125 0.03125
1 0.31796875 0.65703125 0.0265625 0.0296875
1 0.2921875 0.69375 0.0515625 0.053125
1 0.13515625 0.7390625 0.0484375 0.0625
1 0.1765625 0.6859375 0.0421875 0.040625
1 0.22578125 0.66640625 0.0421875 0.0375
1 0.18515625 0.6546875 0.046875 0.0375
1 0.23828125 0.60625 0.0296875 0.0328125
1 0.27734375 0.61640625 0.015625 0.0234375
1 0.17421875 0.609375 0.0265625 0.0296875
1 0.15546875 0.625 0.034375 0.03125
2 0.08671875 0.61953125 0.04375 0.0484375
1 0.04609375 0.66015625 0.05 0.0578125
1 0.046875 0.7015625 0.05 0.053125
1 0.05703125 0.57109375 0.0171875 0.03125
1 0.0046875 0.56640625 0.009375 0.0296875
1 0.75859375 0.88125 0.103125 0.103125
2 0.47421875 0.703125 0.0484375 0.078125