1 0.00625 0.140625 0.0125 0.034375
1 0.025 0.19375 0.0296875 0.0328125
1 0.11171875 0.19296875 0.0390625 0.0421875
1 0.1734375 0.21796875 0.05625 0.05
1 0.22265625 0.1734375 0.034375 0.0421875
1 0.27734375 0.18046875 0.028125 0.0328125
1 0.428125 0.24453125 0.04375 0.0515625
1 0.5078125 0.23828125 0.04375 0.0546875
1 0.57890625 0.31484375 0.0703125 0.0796875
1 0.6953125 0.43671875 0.046875 0.0484375
1 0.8078125 0.4125 0.05 0.0546875
1 0.95078125 0.31640625 0.071875 0.0765625
1 0.9546875 0.71640625 0.0875 0.3328125