2 0.1296875 0.0078125 0.028125 0.015625
2 0.12421875 0.053125 0.034375 0.0359375
2 0.09140625 0.1046875 0.0421875 0.040625
2 0.1171875 0.15546875 0.0359375 0.03125
2 0.10703125 0.2671875 0.0375 0.03125
2 0.1125 0.32578125 0.0484375 0.0484375
2 0.08359375 0.309375 0.01875 0.028125
1 0.19375 0.03515625 0.0359375 0.034375
2 0.21953125 0.0671875 0.040625 0.0421875
2 0.2375 0.015625 0.040625 0.03125
2 0.2109375 0.01015625 0.03125 0.0203125
2 0.3171875 0.009375 0.0375 0.01875
2 0.27734375 0.10078125 0.0328125 0.0296875
2 0.209375 0.18125 0.0328125 0.0390625
2 0.23984375 0.21640625 0.0390625 0.0390625
2 0.2828125 0.22265625 0.0375 0.0390625
2 0.30703125 0.121875 0.0390625 0.0390625
2 0.25625 0.35703125 0.0359375 0.0390625
2 0.3765625 0.025 0.034375 0.0296875
2 0.40078125 0.059375 0.0359375 0.0359375
2 0.42421875 0.06796875 0.021875 0.0296875
2 0.4015625 0.12734375 0.0359375 0.0359375
2 0.37890625 0.209375 0.0421875 0.0328125
2 0.3984375 0.296875 0.0390625 0.0375
2 0.40625 0.3421875 0.025 0.021875
2 0.4140625 0.39453125 0.040625 0.0265625
2 0.8734375 0.16640625 0.1234375 0.1265625
1 0.18671875 0.771875 0.3140625 0.3578125
2 0.82578125 0.4609375 0.0640625 0.065625