1 0.2234375 0.3640625 0.1578125 0.1703125
1 0.59609375 0.3703125 0.084375 0.0859375
1 0.71875 0.46796875 0.0609375 0.0671875
2 0.2859375 0.5796875 0.10625 0.08125
1 0.5046875 0.8265625 0.153125 0.1546875
1 0.5953125 0.915625 0.0890625 0.1171875
1 0.72265625 0.9375 0.1484375 0.121875
1 0.87578125 0.93984375 0.1109375 0.1171875
1 0.74921875 0.71796875 0.0796875 0.090625
1 0.81875 0.7046875 0.0796875 0.0828125
1 0.61640625 0.63671875 0.05625 0.0640625
1 0.67421875 0.6125 0.065625 0.065625
1 0.72109375 0.55625 0.0453125 0.034375
1 0.80859375 0.55546875 0.0453125 0.0328125
1 0.66171875 0.5453125 0.0453125 0.0125