1 0.54921875 0.1859375 0.028125 0.0359375
1 0.50078125 0.21484375 0.0390625 0.0390625
1 0.42890625 0.2171875 0.0390625 0.0359375
1 0.33046875 0.25078125 0.0546875 0.053125
1 0.27890625 0.1859375 0.0453125 0.0453125
1 0.18125 0.20390625 0.0328125 0.0390625
1 0.14375 0.20390625 0.0453125 0.0484375
1 0.06875 0.271875 0.05 0.05
1 0.0078125 0.23515625 0.015625 0.0578125
1 0.47265625 0.20546875 0.0203125 0.0265625
1 0.9890625 0.23828125 0.01875 0.0609375
1 0.7078125 0.32265625 0.0359375 0.0359375
1 0.6328125 0.3296875 0.0359375 0.0359375
2 0.8734375 0.3234375 0.028125 0.028125
1 0.86171875 0.809375 0.2734375 0.31875