1 0.56171875 0.26171875 0.0484375 0.05
1 0.390625 0.52109375 0.05 0.053125
1 0.20859375 0.4078125 0.05 0.053125
1 0.28046875 0.33671875 0.0453125 0.05
2 0.50078125 0.64453125 0.0453125 0.0453125
1 0.6375 0.08046875 0.015625 0.0453125
1 0.66953125 0.05078125 0.034375 0.0359375
1 0.7453125 0.08984375 0.053125 0.053125
1 0.8953125 0.0578125 0.053125 0.053125
1 0.9625 0.025 0.071875 0.05
1 0.7484375 0.02890625 0.0296875 0.028125
1 0.06640625 0.69609375 0.0640625 0.0546875
1 0.38203125 0.6984375 0.0953125 0.059375