1 0.046875 0.04609375 0.09375 0.0921875
1 0.11484375 0.07421875 0.078125 0.078125
1 0.265625 0.05859375 0.109375 0.1171875
1 0.371875 0.34453125 0.04375 0.0546875
1 0.48984375 0.2703125 0.034375 0.0390625
1 0.54921875 0.303125 0.0640625 0.0671875
1 0.55625 0.259375 0.0390625 0.0390625
1 0.60078125 0.28203125 0.0453125 0.053125
1 0.66328125 0.40546875 0.0625 0.059375
1 0.66953125 0.26640625 0.034375 0.0390625
1 0.7203125 0.25546875 0.0359375 0.046875
1 0.7546875 0.25625 0.05 0.05625
1 0.80703125 0.265625 0.04375 0.04375
1 0.84921875 0.28125 0.0546875 0.05625
1 0.909375 0.2828125 0.0625 0.0625
1 0.95234375 0.2125 0.0453125 0.05
2 0.9859375 0.20703125 0.025 0.0390625
1 0.07734375 0.6640625 0.1078125 0.134375
1 0.3828125 0.86875 0.065625 0.09375
1 0.525 0.7671875 0.0578125 0.059375
1 0.6109375 0.86796875 0.0984375 0.1046875
1 0.66015625 0.83125 0.040625 0.0640625
1 0.70625 0.7828125 0.0515625 0.05625
1 0.81328125 0.8671875 0.090625 0.090625
1 0.928125 0.796875 0.0671875 0.0671875