1 0.03125 0.1640625 0.015625 0.015625
1 0.0078125 0.275 0.015625 0.021875
2 0.06015625 0.33125 0.025 0.0265625
1 0.05625 0.3875 0.0296875 0.0296875
1 0.10390625 0.3875 0.0203125 0.028125
1 0.009375 0.45625 0.01875 0.021875
1 0.065625 0.45546875 0.034375 0.0234375
1 0.2625 0.11953125 0.01875 0.01875
1 0.25390625 0.146875 0.0234375 0.0234375
1 0.22109375 0.17578125 0.015625 0.01875
1 0.209375 0.19609375 0.015625 0.0203125
1 0.17578125 0.21953125 0.0203125 0.0203125
1 0.16171875 0.284375 0.01875 0.015625
2 0.1296875 0.2953125 0.01875 0.015625
1 0.14140625 0.3171875 0.01875 0.01875
2 0.1859375 0.31796875 0.0203125 0.0203125
1 0.1921875 0.3953125 0.0203125 0.0234375
2 0.21640625 0.42734375 0.01875 0.0203125
1 0.35234375 0.11015625 0.0109375 0.0140625
1 0.32109375 0.13984375 0.015625 0.01875
1 0.2953125 0.15234375 0.01875 0.015625
2 0.30859375 0.18515625 0.0140625 0.01875
1 0.3375 0.17421875 0.0203125 0.0234375
1 0.2390625 0.25546875 0.01875 0.01875
1 0.31015625 0.24609375 0.01875 0.0203125
2 0.26171875 0.275 0.0203125 0.0234375
2 0.21875 0.3015625 0.01875 0.0203125
1 0.28671875 0.31015625 0.0234375 0.0234375
1 0.26796875 0.365625 0.0234375 0.01875
1 0.375 0.32265625 0.0203125 0.0234375
1 0.3453125 0.3578125 0.0265625 0.021875
1 0.28828125 0.4265625 0.021875 0.0265625
1 0.3625 0.4 0.025 0.0265625
1 0.3796875 0.14296875 0.0140625 0.015625
1 0.4453125 0.1109375 0.0140625 0.015625
1 0.4125 0.14609375 0.0125 0.0078125
1 0.44453125 0.16328125 0.01875 0.01875
1 0.4046875 0.190625 0.01875 0.0203125
1 0.4453125 0.22734375 0.0109375 0.0140625
1 0.42265625 0.2578125 0.0234375 0.01875
1 0.41015625 0.34609375 0.021875 0.0265625
1 0.45390625 0.35078125 0.0078125 0.0296875
1 0.4265625 0.40859375 0.0203125 0.0234375
1 0.7078125 0.33671875 0.04375 0.0453125
1 0.871875 0.2828125 0.046875 0.0546875
1 0.2 0.67421875 0.0984375 0.10625
2 0.3171875 0.659375 0.05625 0.05625
2 0.0671875 0.68671875 0.0546875 0.059375
1 0.67890625 0.859375 0.2890625 0.278125