1 0.50234375 0.09609375 0.0703125 0.1171875
1 0.3703125 0.053125 0.0921875 0.0890625
1 0.23046875 0.04140625 0.1203125 0.0828125
1 0.13359375 0.040625 0.0953125 0.08125
1 0.01796875 0.0421875 0.0359375 0.084375
1 0.06328125 0.3125 0.1265625 0.109375
1 0.7109375 0.403125 0.34375 0.26875
1 0.4 0.54921875 0.040625 0.0203125
1 0.22109375 0.56796875 0.0421875 0.05
2 0.16875 0.5546875 0.04375 0.03125
1 0.1296875 0.59375 0.046875 0.0546875
2 0.3578125 0.59765625 0.0296875 0.028125
1 0.04609375 0.553125 0.0296875 0.028125
1 0.85625 0.671875 0.284375 0.265625