1 0.3078125 0.4421875 0.11875 0.1125
1 0.47734375 0.07578125 0.04375 0.053125
2 0.22890625 0.0453125 0.0171875 0.01875
2 0.28046875 0.0515625 0.0171875 0.01875
2 0.36953125 0.03125 0.01875 0.0171875
2 0.534375 0.025 0.01875 0.025
1 0.31875 0.0703125 0.0234375 0.0265625
1 0.31875 0.1078125 0.0390625 0.0578125
2 0.6125 0.15234375 0.10625 0.1171875
2 0.91484375 0.22578125 0.075 0.1
2 0.975 0.20859375 0.046875 0.1109375
1 0.11171875 0.8109375 0.04375 0.04375
1 0.26171875 0.9828125 0.0421875 0.03125
1 0.384375 0.98515625 0.040625 0.0265625
1 0.3765625 0.74140625 0.0515625 0.05625
1 0.9109375 0.6125 0.175 0.225