1 0.0984375 0.04140625 0.0546875 0.0578125
0 0.1390625 0.0484375 0.034375 0.0515625
1 0.1921875 0.08359375 0.03125 0.0359375
1 0.284375 0.075 0.0359375 0.0390625
1 0.3734375 0.09375 0.0828125 0.0734375
1 0.48671875 0.05546875 0.034375 0.0515625
1 0.82421875 0.225 0.30625 0.3890625
1 0.0796875 0.7328125 0.0234375 0.040625
0 0.1921875 0.72890625 0.028125 0.0328125
1 0.22265625 0.62734375 0.034375 0.053125
1 0.33046875 0.63203125 0.028125 0.0484375
1 0.321875 0.6671875 0.028125 0.0390625
1 0.47265625 0.6578125 0.0359375 0.040625
1 0.51640625 0.66015625 0.0234375 0.0421875
0 0.83203125 0.7640625 0.20625 0.2390625