1 0.04375 0.19375 0.0546875 0.0546875
1 0.434375 0.17734375 0.0546875 0.05625
1 0.53125 0.1953125 0.0078125 0.0140625
2 0.33359375 0.175 0.0046875 0.00625
1 0.25390625 0.17265625 0.00625 0.00625
1 0.16171875 0.17265625 0.0015625 0.0046875
1 0.18515625 0.17265625 0.0046875 0.0046875
1 0.18828125 0.171875 0.0046875 0.00625
1 0.20859375 0.1703125 0.0015625 0.0046875
1 0.21953125 0.17265625 0.0015625 0.0046875
1 0.03203125 0.88359375 0.0640625 0.0859375
1 0.16015625 0.92109375 0.0890625 0.090625
2 0.24453125 0.90390625 0.059375 0.0609375
1 0.4125 0.90390625 0.1 0.096875
1 0.9578125 0.71328125 0.065625 0.071875