1 0.759375 0.0625 0.140625 0.125
1 0.471875 0.9125 0.0375 0.0375
1 0.4359375 0.80546875 0.0421875 0.046875
1 0.396875 0.75859375 0.0375 0.0375
1 0.32578125 0.778125 0.0453125 0.0421875
1 0.27890625 0.77109375 0.034375 0.0328125
1 0.175 0.74453125 0.034375 0.040625
1 0.10859375 0.7453125 0.0375 0.040625
1 0.028125 0.70234375 0.0375 0.0375
2 0.5109375 0.7578125 0.0125 0.046875
2 0.4328125 0.75625 0.0296875 0.0296875
2 0.21328125 0.7546875 0.034375 0.0421875
2 0.35078125 0.75859375 0.0375 0.040625
1 0.58671875 0.73359375 0.09375 0.1015625
1 0.9109375 0.86171875 0.071875 0.0875
2 0.984375 0.6171875 0.028125 0.08125
2 0.67890625 0.5734375 0.071875 0.078125