1 0.14375 0.44921875 0.26875 0.321875
1 0.66015625 0.33984375 0.08125 0.103125
1 0.75859375 0.44140625 0.0546875 0.0453125
1 0.971875 0.4984375 0.0484375 0.0484375
1 0.84765625 0.50546875 0.053125 0.0484375
1 0.809375 0.4765625 0.0484375 0.0515625
1 0.15 0.89765625 0.0296875 0.034375
1 0.25234375 0.85078125 0.0375 0.0390625
1 0.35 0.86328125 0.03125 0.0375
2 0.3171875 0.8765625 0.03125 0.025
1 0.48359375 0.8546875 0.034375 0.0390625
1 0.52421875 0.875 0.0265625 0.04375
1 0.86328125 0.86328125 0.1625 0.165625