1 0.42421875 0.38828125 0.0265625 0.0703125
1 0.34765625 0.33828125 0.090625 0.0984375
1 0.1890625 0.38125 0.0515625 0.0625
1 0.1109375 0.34453125 0.0859375 0.0890625
1 0.02109375 0.4328125 0.0421875 0.078125
1 0.94765625 0.23515625 0.0859375 0.096875
1 0.96953125 0.0703125 0.0578125 0.08125
1 0.9015625 0.01953125 0.0625 0.0390625
1 0.8265625 0.20546875 0.0703125 0.0921875
1 0.88359375 0.1484375 0.059375 0.071875
1 0.7234375 0.25703125 0.065625 0.1046875
1 0.79453125 0.42734375 0.0984375 0.06875
1 0.6390625 0.41953125 0.115625 0.1078125
1 0.62734375 0.14140625 0.075 0.09375
1 0.7015625 0.0765625 0.0671875 0.0796875
1 0.503125 0.159375 0.0640625 0.0796875
1 0.48359375 0.37109375 0.0875 0.0875
1 0.45078125 0.27109375 0.0234375 0.0984375
1 0.4578125 0.1375 0.0375 0.090625
2 0.50078125 0.0203125 0.0515625 0.040625
2 0.40546875 0.72265625 0.0640625 0.0828125
2 0.2078125 0.76875 0.0734375 0.071875
2 0.0515625 0.778125 0.071875 0.0671875
1 0.55078125 0.93828125 0.2234375 0.1203125