1 0.43515625 0.0140625 0.0609375 0.028125
1 0.2859375 0.03359375 0.0578125 0.0640625
1 0.09921875 0.2890625 0.0453125 0.0625
1 0.978125 0.13828125 0.040625 0.0984375
1 0.91328125 0.10390625 0.0828125 0.0921875
1 0.77421875 0.140625 0.065625 0.075
1 0.69765625 0.1421875 0.0859375 0.0953125
1 0.603125 0.69375 0.05 0.065625
1 0.59140625 0.65234375 0.0375 0.0375
1 0.55390625 0.6859375 0.04375 0.05
1 0.52578125 0.82109375 0.059375 0.05625
1 0.48359375 0.6890625 0.0328125 0.0375
1 0.43203125 0.69140625 0.034375 0.0453125
1 0.3984375 0.70078125 0.046875 0.0546875
1 0.35078125 0.7234375 0.040625 0.0421875
1 0.3140625 0.74921875 0.0515625 0.0546875
1 0.25625 0.76640625 0.059375 0.059375
1 0.196875 0.709375 0.04375 0.046875
2 0.153125 0.715625 0.040625 0.034375
1 0.07734375 0.709375 0.046875 0.0546875
1 0.0234375 0.73046875 0.046875 0.0578125
1 0.121875 0.7171875 0.025 0.03125
1 0.83828125 0.68984375 0.0890625 0.1015625
1 0.74609375 0.58828125 0.0890625 0.0953125