1 0.07578125 0.09765625 0.0484375 0.0546875
1 0.24609375 0.10625 0.0515625 0.0578125
2 0.40234375 0.15546875 0.046875 0.0421875
1 0.47265625 0.0609375 0.0546875 0.0546875
1 0.553125 0.04453125 0.0296875 0.0328125
2 0.32109375 0.08125 0.0265625 0.028125
1 0.178125 0.61328125 0.0484375 0.059375
1 0.128125 0.61796875 0.0328125 0.0421875
1 0.2625 0.6296875 0.0375 0.040625
1 0.33984375 0.61796875 0.0203125 0.028125
1 0.4125 0.60390625 0.0453125 0.0453125
1 0.50625 0.59609375 0.0375 0.040625
1 0.9296875 0.7578125 0.1375 0.34375