1 0.1546875 0.22265625 0.059375 0.0578125
1 0.38125 0.215625 0.059375 0.0578125
2 0.528125 0.18125 0.034375 0.0390625
1 0.671875 0.25703125 0.065625 0.0796875
1 0.6546875 0.17421875 0.03125 0.0578125
1 0.7578125 0.1765625 0.053125 0.06875
1 0.71796875 0.1609375 0.034375 0.0359375
1 0.8296875 0.24765625 0.0796875 0.0890625
1 0.96015625 0.15390625 0.078125 0.0890625
1 0.575 0.76953125 0.0921875 0.0984375
1 0.15078125 0.9375 0.1796875 0.121875
0 0.3890625 0.8765625 0.0796875 0.0859375
2 0.4734375 0.809375 0.0640625 0.0625
1 0.8953125 0.7125 0.071875 0.0765625
1 0.90703125 0.55 0.0859375 0.040625