1 0.69375 0.17734375 0.0609375 0.06875
1 0.58515625 0.209375 0.059375 0.0671875
1 0.41484375 0.25859375 0.071875 0.0703125
1 0.1171875 0.184375 0.0671875 0.059375
1 0.240625 0.0921875 0.0609375 0.0609375
1 0.04609375 0.01015625 0.0515625 0.0203125
1 0.36171875 0.0953125 0.059375 0.05625
1 0.4953125 0.05859375 0.059375 0.05625
1 0.67265625 0.015625 0.0359375 0.03125
1 0.7078125 0.01015625 0.059375 0.0203125
2 0.9078125 0.12578125 0.1625 0.2515625
2 0.721875 0.69921875 0.03125 0.1015625
2 0.7046875 0.4625 0.065625 0.071875
1 0.64765625 0.4453125 0.059375 0.0671875
1 0.48203125 0.4296875 0.0609375 0.0609375
2 0.5671875 0.46953125 0.075 0.078125
2 0.540625 0.584375 0.0484375 0.053125
2 0.60078125 0.709375 0.0921875 0.0921875
2 0.6671875 0.81171875 0.1125 0.08125
1 0.628125 0.94609375 0.14375 0.1046875
2 0.46953125 0.84140625 0.1484375 0.1171875
2 0.4859375 0.65234375 0.0984375 0.0890625
2 0.4515625 0.49375 0.0765625 0.05625
2 0.359375 0.5125 0.06875 0.0640625
1 0.29609375 0.49296875 0.0765625 0.0703125
1 0.3203125 0.64765625 0.0953125 0.0921875
2 0.234375 0.596875 0.06875 0.071875
2 0.1671875 0.503125 0.0828125 0.0828125
2 0.0625 0.50859375 0.071875 0.0578125
2 0.0609375 0.615625 0.0671875 0.0640625
1 0.13359375 0.715625 0.1078125 0.109375
2 0.19453125 0.8703125 0.0984375 0.0921875
1 0.084375 0.9578125 0.109375 0.08125
1 0.0203125 0.77734375 0.040625 0.1015625
0 0.8015625 0.4359375 0.121875 0.09375