1 0.421875 0.24765625 0.090625 0.1265625
1 0.15234375 0.2515625 0.096875 0.1140625
1 0.03671875 0.33203125 0.0609375 0.053125
1 0.4265625 0.859375 0.0734375 0.078125
1 0.3671875 0.7296875 0.0640625 0.0703125
1 0.4109375 0.58203125 0.021875 0.021875
1 0.35390625 0.58203125 0.021875 0.028125
1 0.25390625 0.58125 0.034375 0.03125
1 0.2515625 0.6765625 0.0609375 0.0671875
1 0.20703125 0.765625 0.0734375 0.0765625
1 0.14453125 0.65390625 0.065625 0.06875
2 0.06015625 0.57265625 0.034375 0.0359375
1 0.00859375 0.57890625 0.0171875 0.0484375
1 0.02890625 0.52265625 0.03125 0.034375
1 0.92578125 0.48125 0.10625 0.1671875