1 0.06875 0.0515625 0.1375 0.103125
0 0.91015625 0.1015625 0.065625 0.0640625
0 0.6921875 0.1703125 0.0578125 0.0578125
2 0.39453125 0.21484375 0.0296875 0.0671875
1 0.06328125 0.60859375 0.1265625 0.3515625
1 0.89609375 0.40078125 0.065625 0.06875
1 0.76875 0.48046875 0.0671875 0.0609375
1 0.69609375 0.465625 0.0546875 0.059375
1 0.62734375 0.4984375 0.0640625 0.0640625
1 0.5296875 0.57109375 0.075 0.0765625
1 0.415625 0.5109375 0.065625 0.0640625
1 0.55390625 0.50546875 0.034375 0.0546875
1 0.50546875 0.509375 0.0671875 0.05625