1 0.23046875 0.0296875 0.0640625 0.059375
2 0.653125 0.01640625 0.10625 0.0328125
1 0.5109375 0.0234375 0.165625 0.046875
1 0.321875 0.628125 0.0515625 0.034375
1 0.1578125 0.609375 0.04375 0.0375
1 0.2625 0.6578125 0.01875 0.021875
1 0.08125 0.634375 0.0265625 0.0265625
1 0.00703125 0.62890625 0.0140625 0.0453125
1 0.86875 0.7078125 0.10625 0.125
1 0.71875 0.7578125 0.0421875 0.05
1 0.7453125 0.89375 0.071875 0.0765625
1 0.659375 0.8859375 0.06875 0.0671875
0 0.45 0.9453125 0.1 0.0875
2 0.6375 0.771875 0.0296875 0.0296875
2 0.8078125 0.775 0.0421875 0.05