1 0.384375 0.0484375 0.11875 0.096875
2 0.00703125 0.025 0.0140625 0.05
2 0.03828125 0.00625 0.0546875 0.0125
1 0.99296875 0.27890625 0.0109375 0.0484375
1 0.95078125 0.30234375 0.05625 0.0578125
2 0.93046875 0.3859375 0.053125 0.053125
1 0.775 0.23828125 0.0609375 0.0484375
1 0.75546875 0.39375 0.0578125 0.065625
0 0.8578125 0.54765625 0.059375 0.0765625
1 0.89921875 0.5890625 0.0765625 0.05625
1 0.5671875 0.23125 0.034375 0.059375
1 0.5578125 0.3375 0.015625 0.065625
1 0.096875 0.9875 0.071875 0.021875
1 0.034375 0.97578125 0.06875 0.0453125
1 0.24375 0.9671875 0.0484375 0.0578125
1 0.19140625 0.93046875 0.0578125 0.0578125
1 0.16015625 0.8578125 0.0390625 0.04375
1 0.07421875 0.840625 0.0390625 0.040625
1 0.22265625 0.85078125 0.0390625 0.040625
1 0.1765625 0.81640625 0.03125 0.03125
1 0.11015625 0.80625 0.0359375 0.03125
1 0.01796875 0.796875 0.0359375 0.0265625
2 0.9109375 0.871875 0.0265625 0.0328125
2 0.853125 0.86484375 0.03125 0.0328125
1 0.80390625 0.89140625 0.040625 0.04375
1 0.7171875 0.85703125 0.0453125 0.05625
2 0.7046875 0.86953125 0.01875 0.03125
1 0.65234375 0.8703125 0.040625 0.0484375
2 0.61953125 0.88984375 0.0203125 0.0265625
1 0.590625 0.8921875 0.0390625 0.040625