2 0.59453125 0.40234375 0.1234375 0.125
2 0.6609375 0.26484375 0.053125 0.0859375
1 0.678125 0.1546875 0.01875 0.0625
1 0.6171875 0.1375 0.09375 0.0984375
1 0.55078125 0.121875 0.0421875 0.0484375
2 0.48203125 0.15546875 0.096875 0.1015625
1 0.40390625 0.3015625 0.1171875 0.1125
1 0.30625 0.278125 0.0890625 0.0859375
1 0.16328125 0.265625 0.1375 0.1328125
1 0.259375 0.1609375 0.046875 0.0828125
2 0.40078125 0.121875 0.0671875 0.078125
0 0.30703125 0.08984375 0.071875 0.071875
2 0.17890625 0.06484375 0.065625 0.0671875
2 0.553125 0.0296875 0.0578125 0.0578125
1 0.58984375 0.0421875 0.0375 0.0484375
1 0.64296875 0.015625 0.0453125 0.03125
0 0.6796875 0.04609375 0.015625 0.0453125
1 0.5203125 0.00390625 0.025 0.0078125
1 0.49921875 0.03125 0.046875 0.0484375
1 0.34921875 0.0953125 0.0421875 0.0578125
1 0.38359375 0.0375 0.0390625 0.0359375
1 0.4296875 0.01484375 0.040625 0.0296875
1 0.38828125 0.01171875 0.0453125 0.0234375
1 0.25078125 0.028125 0.0453125 0.053125
1 0.25625 0.06875 0.0453125 0.0484375
0 0.109375 0.0109375 0.046875 0.021875
2 0.13515625 0.05625 0.028125 0.053125
1 0.07890625 0.1140625 0.065625 0.059375
1 0.07734375 0.0125 0.0296875 0.025
1 0.07109375 0.196875 0.028125 0.04375
1 0.02421875 0.2234375 0.0484375 0.103125
1 0.02421875 0.1 0.0484375 0.046875
1 0.92265625 0.075 0.1484375 0.15
1 0.2546875 0.9140625 0.290625 0.16875
1 0.71640625 0.94296875 0.0546875 0.1109375