1 0.5578125 0.2046875 0.034375 0.0328125
1 0.51015625 0.23828125 0.04375 0.0453125
1 0.39375 0.3578125 0.059375 0.040625
1 0.47421875 0.1921875 0.040625 0.040625
1 0.41015625 0.1921875 0.0375 0.0375
1 0.2984375 0.29609375 0.0484375 0.0515625
1 0.31484375 0.26015625 0.0375 0.0375
2 0.50859375 0.19296875 0.0265625 0.021875
2 0.33671875 0.190625 0.025 0.028125
1 0.334375 0.14921875 0.0265625 0.025
1 0.2625 0.2046875 0.034375 0.0296875
2 0.30625 0.13515625 0.028125 0.028125
0 0.23515625 0.1640625 0.028125 0.0328125
1 0.184375 0.14453125 0.0328125 0.034375
1 0.165625 0.14453125 0.0140625 0.0234375
2 0.20625 0.14375 0.0203125 0.0234375
2 0.0515625 0.13203125 0.0328125 0.028125
1 0.9546875 0.12890625 0.0875 0.1296875
1 0.5203125 0.50859375 0.19375 0.2578125
1 0.14765625 0.55625 0.2265625 0.2375
1 0.78203125 0.484375 0.1140625 0.1
1 0.65546875 0.40390625 0.0734375 0.0484375