1 0.2125 0.05859375 0.134375 0.1171875
1 0.453125 0.28203125 0.05 0.1328125
1 0.84609375 0.215625 0.0640625 0.0640625
1 0.79296875 0.19921875 0.0484375 0.0546875
1 0.72890625 0.32265625 0.0625 0.0671875
1 0.72109375 0.184375 0.034375 0.0375
1 0.67421875 0.17109375 0.0328125 0.05
1 0.640625 0.17421875 0.0484375 0.05625
1 0.58515625 0.1859375 0.04375 0.0484375
1 0.5453125 0.20234375 0.0484375 0.05625
1 0.49609375 0.20546875 0.0328125 0.0703125
1 0.834375 0.1765625 0.0421875 0.0421875
1 0.90078125 0.184375 0.0421875 0.0390625
1 0.446875 0.8671875 0.0625 0.15
1 0.94140625 0.765625 0.0890625 0.0796875
1 0.78203125 0.6625 0.0921875 0.0984375
1 0.5875 0.6890625 0.103125 0.1