1 0.07421875 0.03671875 0.05625 0.0578125
1 0.25234375 0.05234375 0.0578125 0.0609375
1 0.4796875 0.06796875 0.0609375 0.0625
1 0.59140625 0.084375 0.034375 0.071875
2 0.409375 0.04375 0.0203125 0.0234375
2 0.3171875 0.0765625 0.01875 0.0203125
2 0.321875 0.0375 0.01875 0.01875
1 0.38828125 0.04375 0.0109375 0.015625
1 0.4328125 0.03984375 0.0140625 0.015625
1 0.9296875 0.03671875 0.08125 0.0734375
1 0.88671875 0.21953125 0.06875 0.08125
1 0.14765625 0.93125 0.2953125 0.134375
1 0.78046875 0.6484375 0.1546875 0.15