1 0.06640625 0.05703125 0.046875 0.0515625
1 0.17734375 0.08203125 0.0390625 0.0390625
1 0.7875 0.06640625 0.2 0.1328125
1 0.015625 0.79375 0.03125 0.175
1 0.13359375 0.86796875 0.1203125 0.15625
1 0.353125 0.75625 0.14375 0.140625
1 0.46953125 0.82734375 0.0578125 0.1671875
1 0.63359375 0.57890625 0.046875 0.0578125
1 0.58359375 0.58125 0.03125 0.040625
1 0.7171875 0.5984375 0.0359375 0.0390625
1 0.7953125 0.5890625 0.0203125 0.028125
1 0.86796875 0.57734375 0.04375 0.04375
1 0.96171875 0.57265625 0.0359375 0.0390625