1 0.409375 0.2375 0.190625 0.209375
1 0.125 0.27265625 0.2171875 0.25625
1 0.65234375 0.0921875 0.2046875 0.184375
1 0.29453125 0.53984375 0.20625 0.2265625
1 0.51953125 0.79375 0.0578125 0.203125
2 0.65546875 0.971875 0.1265625 0.053125
2 0.59140625 0.8625 0.0828125 0.0875
1 0.58046875 0.7484375 0.0609375 0.0625
1 0.6640625 0.74375 0.0953125 0.1
1 0.73203125 0.7359375 0.0421875 0.05
2 0.79609375 0.778125 0.0984375 0.103125
1 0.85625 0.9328125 0.1203125 0.1140625
1 0.9546875 0.92109375 0.0875 0.0890625
2 0.88125 0.75390625 0.06875 0.0796875
0 0.96953125 0.734375 0.0578125 0.075
2 0.74140625 0.64453125 0.0578125 0.0578125
1 0.703125 0.65234375 0.0375 0.0484375
1 0.6546875 0.61171875 0.0453125 0.0453125
1 0.5703125 0.6453125 0.040625 0.071875
0 0.60390625 0.64375 0.0375 0.04375
1 0.73125 0.56484375 0.028125 0.028125
1 0.778125 0.6109375 0.0234375 0.028125
1 0.79375 0.65234375 0.046875 0.05
1 0.93515625 0.734375 0.0421875 0.059375
1 0.90859375 0.6734375 0.0390625 0.0375
1 0.865625 0.6421875 0.0390625 0.034375
1 0.9078125 0.63984375 0.04375 0.034375
1 0.86796875 0.58125 0.0265625 0.03125
1 0.82734375 0.58125 0.0140625 0.0234375
1 0.9296875 0.59921875 0.0234375 0.028125
1 0.94375 0.61953125 0.03125 0.028125