0 0.01953125 0.45546875 0.0390625 0.0609375
1 0.11171875 0.05546875 0.0546875 0.053125
1 0.08125 0.1765625 0.0578125 0.0453125
1 0.096875 0.31484375 0.046875 0.0578125
1 0.22421875 0.56953125 0.0734375 0.06875
1 0.36015625 0.45 0.065625 0.0546875
1 0.41015625 0.4953125 0.0765625 0.0671875
1 0.3265625 0.25859375 0.059375 0.059375
1 0.30625 0.1671875 0.065625 0.05625
1 0.30703125 0.0875 0.059375 0.046875
1 0.47109375 0.2875 0.05 0.053125
1 0.48203125 0.15 0.0546875 0.0578125
1 0.5671875 0.14296875 0.059375 0.059375
1 0.63984375 0.096875 0.046875 0.046875
1 0.6328125 0.028125 0.046875 0.040625
1 0.88984375 0.8984375 0.1140625 0.1203125