1 0.01796875 0.146875 0.0359375 0.090625
1 0.04453125 0.02890625 0.0390625 0.0453125
1 0.08203125 0.0125 0.0265625 0.025
1 0.15546875 0.04296875 0.0375 0.0359375
1 0.19921875 0.0078125 0.0296875 0.015625
1 0.23671875 0.1296875 0.11875 0.1375
1 0.3640625 0.03828125 0.025 0.025
1 0.25625 0.0046875 0.021875 0.009375
1 0.3984375 0.09140625 0.0421875 0.04375
1 0.409375 0.040625 0.01875 0.015625
1 0.47265625 0.04453125 0.0859375 0.0890625
1 0.73515625 0.13359375 0.084375 0.0953125
1 0.85390625 0.07578125 0.08125 0.0921875
1 0.90078125 0.33671875 0.0625 0.078125
2 0.43671875 0.490625 0.0140625 0.04375
1 0.47265625 0.5265625 0.078125 0.096875
1 0.53359375 0.5296875 0.0328125 0.0296875
1 0.68125 0.51953125 0.0625 0.0703125
1 0.7265625 0.5484375 0.0390625 0.05
1 0.9046875 0.5859375 0.0421875 0.0515625
2 0.9578125 0.5609375 0.04375 0.0546875
1 0.984375 0.6140625 0.028125 0.05625
2 0.7671875 0.61328125 0.0296875 0.028125