1 0.66640625 0.371875 0.2390625 0.13125
1 0.92109375 0.33828125 0.1546875 0.1984375
1 0.4421875 0.784375 0.0125 0.071875
2 0.4171875 0.8390625 0.0234375 0.0265625
1 0.33203125 0.83203125 0.015625 0.0203125
1 0.2578125 0.803125 0.0796875 0.0796875
1 0.053125 0.78125 0.096875 0.1109375
1 0.31875 0.8609375 0.01875 0.01875
2 0.96328125 0.696875 0.0703125 0.06875
2 0.75390625 0.64453125 0.0328125 0.0390625
2 0.6046875 0.665625 0.0375 0.040625
1 0.56640625 0.6921875 0.05625 0.065625
2 0.7203125 0.7265625 0.0625 0.05625
1 0.746875 0.8125 0.0828125 0.0859375
2 0.909375 0.81015625 0.065625 0.04375
0 0.80625 0.88046875 0.08125 0.0890625
0 0.63671875 0.86875 0.1171875 0.1171875
2 0.478125 0.7578125 0.0453125 0.046875
1 0.4609375 0.78125 0.021875 0.075