1 0.41796875 0.284375 0.0203125 0.05625
1 0.27890625 0.3109375 0.040625 0.0421875
1 0.21640625 0.32578125 0.0671875 0.0640625
1 0.10859375 0.33671875 0.040625 0.040625
1 0.0296875 0.33359375 0.053125 0.0484375
1 0.1890625 0.63203125 0.2015625 0.2171875
1 0.98671875 0.6546875 0.0234375 0.05625
1 0.6125 0.6453125 0.0546875 0.05625
1 0.515625 0.66484375 0.0078125 0.0140625
2 0.71328125 0.640625 0.0046875 0.00625
1 0.79296875 0.6375 0.00625 0.00625
1 0.88515625 0.63515625 0.0015625 0.0046875
1 0.86171875 0.63671875 0.0046875 0.0046875
1 0.85859375 0.63515625 0.0046875 0.00625
1 0.83828125 0.634375 0.0015625 0.0046875
1 0.82734375 0.63671875 0.0015625 0.0046875