1 0.20859375 0.1828125 0.0171875 0.028125
1 0.178125 0.296875 0.0328125 0.0328125
1 0.0828125 0.26328125 0.0296875 0.034375
1 0.103125 0.23515625 0.0328125 0.021875
1 0.13515625 0.15390625 0.0296875 0.028125
1 0.209375 0.0609375 0.015625 0.025
1 0.15234375 0.11171875 0.0265625 0.025
1 0.1203125 0.075 0.025 0.028125
1 0.084375 0.0984375 0.025 0.0265625
1 0.0671875 0.1625 0.0203125 0.0234375
1 0.02890625 0.1015625 0.025 0.0265625
1 0.0125 0.0796875 0.0203125 0.0203125
1 0.01015625 0.04140625 0.01875 0.0203125
1 0.071875 0.00859375 0.021875 0.0171875
1 0.91640625 0.29296875 0.0546875 0.0484375
1 0.66875 0.22734375 0.0625 0.06875
1 0.3875 0.18515625 0.0765625 0.0828125
2 0.21328125 0.53984375 0.0078125 0.0203125
1 0.13984375 0.50703125 0.059375 0.059375
1 0.02109375 0.5390625 0.0421875 0.053125
2 0.6703125 0.5609375 0.2421875 0.265625