1 0.934375 0.15 0.128125 0.1375
1 0.7078125 0.134375 0.0734375 0.0671875
1 0.671875 0.03671875 0.0671875 0.05625
1 0.65078125 0.08828125 0.059375 0.0734375
1 0.575 0.07109375 0.115625 0.1078125
1 0.4296875 0.0734375 0.06875 0.0671875
2 0.3765625 0.03359375 0.034375 0.0515625
1 0.21171875 0.44921875 0.0703125 0.0703125
2 0.02890625 0.478125 0.0578125 0.0625
2 0.73828125 0.44921875 0.040625 0.046875
2 0.91171875 0.54140625 0.0515625 0.0609375
2 0.62265625 0.68359375 0.0609375 0.065625
1 0.49296875 0.6046875 0.0734375 0.0765625
2 0.37109375 0.5375 0.0234375 0.046875
2 0.37734375 0.61640625 0.0359375 0.0671875