1 0.1390625 0.0390625 0.0875 0.078125
1 0.85390625 0.3953125 0.2890625 0.30625
1 0.25 0.89453125 0.309375 0.2078125
1 0.91328125 0.8578125 0.040625 0.046875
1 0.88203125 0.55390625 0.0296875 0.0078125
1 0.853125 0.58125 0.0328125 0.0328125
1 0.79375 0.55703125 0.03125 0.0140625
1 0.81328125 0.6078125 0.0328125 0.0328125
1 0.71875 0.59140625 0.034375 0.0328125
1 0.74140625 0.634375 0.0375 0.0421875
1 0.7671875 0.7390625 0.0375 0.040625
1 0.80859375 0.8015625 0.0375 0.0453125
1 0.62578125 0.9796875 0.0484375 0.0375
1 0.5984375 0.7046875 0.0375 0.046875