2 0.3171875 0.2015625 0.0625 0.0625
2 0.31796875 0.29296875 0.0609375 0.0796875
2 0.2515625 0.12890625 0.065625 0.075
2 0.1796875 0.2828125 0.0828125 0.0921875
1 0.07265625 0.309375 0.0984375 0.1109375
2 0.025 0.1546875 0.05 0.05625
1 0.61171875 0.0375 0.1546875 0.075
1 0.24375 0.8640625 0.090625 0.1125
1 0.1375 0.8125 0.0890625 0.1078125
1 0.03203125 0.7484375 0.0640625 0.084375
1 0.32109375 0.6734375 0.0546875 0.084375
1 0.95703125 0.7375 0.075 0.0703125
1 0.88671875 0.753125 0.0609375 0.0640625
1 0.7984375 0.73515625 0.0515625 0.05625
2 0.60703125 0.75390625 0.0703125 0.0703125
2 0.4875 0.75390625 0.0609375 0.0640625
1 0.36875 0.78515625 0.0375 0.0484375