1 0.03203125 0.03203125 0.0640625 0.0640625
1 0.04609375 0.16953125 0.0921875 0.0890625
1 0.17421875 0.1890625 0.0890625 0.096875
1 0.165625 0.38828125 0.0796875 0.071875
1 0.36015625 0.265625 0.0546875 0.10625
1 0.3734375 0.42734375 0.028125 0.0984375
1 0.47890625 0.19453125 0.1453125 0.153125
2 0.5625 0.04296875 0.11875 0.0859375
1 0.70390625 0.10078125 0.1 0.1234375
1 0.84609375 0.15 0.1578125 0.1640625
1 0.96640625 0.08984375 0.0640625 0.1578125
1 0.08359375 0.79296875 0.1671875 0.2078125
0 0.89296875 0.80078125 0.2109375 0.2234375
1 0.68984375 0.82890625 0.2015625 0.203125