1 0.06640625 0.41171875 0.0578125 0.0515625
1 0.34921875 0.41875 0.0359375 0.0375
1 0.3796875 0.403125 0.01875 0.0203125
2 0.41875 0.40078125 0.015625 0.01875
1 0.50546875 0.425 0.0390625 0.025
1 0.534375 0.3828125 0.015625 0.015625
1 0.6015625 0.1484375 0.04375 0.109375
1 0.79140625 0.14609375 0.075 0.08125
2 0.4953125 0.88046875 0.165625 0.2359375
1 0.98046875 0.55859375 0.0359375 0.0890625
1 0.809375 0.5828125 0.08125 0.0953125
1 0.9421875 0.5 0.065625 0.0625
1 0.6921875 0.56875 0.0640625 0.0609375
1 0.59375 0.659375 0.028125 0.09375
1 0.6640625 0.4484375 0.0625 0.01875