1 0.3859375 0.1109375 0.14375 0.1625
1 0.2203125 0.25390625 0.125 0.1109375
1 0.56640625 0.31875 0.1890625 0.1375
2 0.91953125 0.36171875 0.1578125 0.0515625
2 0.67890625 0.3421875 0.1265625 0.090625
1 0.00703125 0.74375 0.0140625 0.06875
1 0.13828125 0.66015625 0.0515625 0.0625
1 0.11796875 0.7859375 0.0515625 0.06875
1 0.190625 0.74921875 0.0578125 0.06875
1 0.271875 0.74375 0.0640625 0.071875
1 0.31484375 0.6890625 0.0640625 0.0640625
1 0.38359375 0.7109375 0.0640625 0.0703125
1 0.43125 0.68359375 0.053125 0.0734375
1 0.2078125 0.68203125 0.059375 0.0609375
2 0.47265625 0.7078125 0.0265625 0.109375
1 0.63125 0.740625 0.2765625 0.31875
2 0.959375 0.609375 0.078125 0.221875
1 0.79140625 0.725 0.11875 0.159375