1 0.684375 0.08828125 0.046875 0.053125
1 0.61875 0.07109375 0.040625 0.0421875
1 0.565625 0.05234375 0.03125 0.0328125
1 0.50078125 0.10703125 0.05 0.05
1 0.346875 0.11015625 0.05 0.05
1 0.25703125 0.07109375 0.0875 0.0921875
1 0.16015625 0.0734375 0.0453125 0.059375
1 0.0734375 0.1359375 0.03125 0.03125
1 0.0140625 0.11171875 0.028125 0.0546875
1 0.48359375 0.04921875 0.028125 0.0265625
1 0.71796875 0.075 0.0171875 0.075
1 0.959375 0.10625 0.0640625 0.0671875
1 0.98046875 0.25390625 0.0359375 0.0953125
2 0.93671875 0.2328125 0.071875 0.0734375
1 0.01328125 0.9375 0.0265625 0.08125
1 0.14453125 0.95078125 0.0671875 0.06875
1 0.303125 0.97578125 0.046875 0.0453125
1 0.3546875 0.978125 0.04375 0.040625
1 0.5203125 0.95078125 0.059375 0.0578125
1 0.6796875 0.98125 0.05625 0.034375
1 0.63515625 0.97734375 0.0484375 0.0421875
1 0.8484375 0.81484375 0.2203125 0.29375