0 0.059375 0.25078125 0.0515625 0.0515625
1 0.15703125 0.1828125 0.05625 0.0609375
1 0.203125 0.45625 0.1125 0.1375
1 0.23125 0.31484375 0.0921875 0.09375
1 0.34296875 0.15703125 0.0328125 0.0421875
1 0.4359375 0.26875 0.096875 0.109375
0 0.48046875 0.1125 0.0390625 0.05
1 0.50546875 0.17578125 0.0453125 0.0546875
1 0.84921875 0.45625 0.0859375 0.0875
1 0.971875 0.44921875 0.053125 0.0765625
1 0.59765625 0.903125 0.071875 0.0703125
1 0.87890625 0.778125 0.0671875 0.059375
1 0.740625 0.70859375 0.0609375 0.0609375
1 0.62265625 0.73359375 0.059375 0.05625