1 0.36328125 0.325 0.0640625 0.0515625
1 0.3171875 0.37421875 0.0734375 0.0640625
1 0.38046875 0.13125 0.0578125 0.0578125
1 0.39296875 0.0390625 0.0640625 0.053125
1 0.2390625 0.17265625 0.0484375 0.0515625
1 0.21640625 0.0375 0.053125 0.05625
1 0.13046875 0.03671875 0.0578125 0.0578125
1 0.00859375 0.0875 0.0171875 0.053125
1 0.05546875 0.01015625 0.0453125 0.0203125
1 0.06953125 0.828125 0.1390625 0.2875
1 0.7921875 0.9453125 0.096875 0.10625
0 0.74296875 0.8296875 0.0671875 0.0765625
1 0.68671875 0.81640625 0.0484375 0.059375
1 0.58828125 0.8234375 0.0640625 0.0734375
1 0.4984375 0.8625 0.0984375 0.0921875
2 0.95078125 0.79375 0.04375 0.0390625