1 0.35546875 0.0515625 0.2078125 0.103125
2 0.4703125 0.03828125 0.075 0.0765625
2 0.43515625 0.61640625 0.1453125 0.1828125
2 0.06953125 0.81171875 0.0609375 0.1265625
1 0.9890625 0.5109375 0.01875 0.078125
1 0.92578125 0.52109375 0.06875 0.0515625
1 0.871875 0.51875 0.071875 0.075
1 0.6296875 0.4671875 0.075 0.1015625
1 0.51796875 0.49140625 0.0171875 0.0984375
1 0.52265625 0.728125 0.0265625 0.0875
1 0.68828125 0.740625 0.0828125 0.0890625
1 0.784375 0.68125 0.0796875 0.1015625
1 0.9484375 0.76484375 0.0984375 0.0859375