1 0.434375 0.25546875 0.046875 0.1171875
1 0.86328125 0.43671875 0.109375 0.1109375
1 0.46015625 0.32578125 0.0015625 0.0234375
1 0.56796875 0.33046875 0.015625 0.0203125
1 0.6 0.32578125 0.0203125 0.0203125
1 0.70390625 0.34921875 0.0171875 0.0265625
2 0.6765625 0.3265625 0.025 0.0265625
1 0.76171875 0.33828125 0.0203125 0.0265625
1 0.821875 0.34765625 0.021875 0.028125
1 0.9796875 0.3703125 0.0171875 0.0265625
1 0.02421875 0.809375 0.0484375 0.15
2 0.42890625 0.87109375 0.0578125 0.0984375
1 0.51640625 0.69140625 0.1140625 0.1515625