1 0.9671875 0.21796875 0.0328125 0.0296875
1 0.8734375 0.215625 0.0421875 0.04375
1 0.884375 0.35859375 0.0421875 0.046875
1 0.74296875 0.421875 0.1140625 0.03125
1 0.70703125 0.2203125 0.0390625 0.0390625
2 0.60546875 0.30546875 0.0421875 0.0421875
2 0.7984375 0.2359375 0.0421875 0.04375
2 0.9828125 0.41875 0.03125 0.0375
1 0.3828125 0.7734375 0.096875 0.0890625
2 0.26328125 0.75703125 0.0453125 0.06875
1 0.7546875 0.584375 0.11875 0.121875
1 0.9578125 0.5109375 0.08125 0.1125
1 0.63359375 0.521875 0.046875 0.0484375
1 0.51484375 0.45234375 0.0359375 0.0265625