1 0.16171875 0.0140625 0.0546875 0.028125
1 0.93046875 0.203125 0.1359375 0.209375
1 0.57421875 0.91640625 0.01875 0.0171875
1 0.64609375 0.9625 0.0234375 0.040625
1 0.59140625 0.99375 0.0328125 0.009375
1 0.48046875 0.94921875 0.053125 0.05625
1 0.46015625 0.9078125 0.0234375 0.0296875
1 0.4328125 0.89140625 0.01875 0.021875
1 0.36484375 0.8984375 0.0125 0.0140625
1 0.38984375 0.91796875 0.0171875 0.01875
1 0.36796875 0.9625 0.0359375 0.040625
1 0.3359375 0.94140625 0.0203125 0.0296875
1 0.28828125 0.94765625 0.0578125 0.05625
0 0.24453125 0.90703125 0.0125 0.0125
1 0.09296875 0.9515625 0.0265625 0.0390625
1 0.04609375 0.9140625 0.0203125 0.025
1 0.00859375 0.96640625 0.0171875 0.0421875