1 0.4953125 0.25 0.0484375 0.0484375
1 0.3796875 0.26484375 0.05 0.05
1 0.26875 0.29921875 0.0609375 0.0578125
1 0.59375 0.22890625 0.028125 0.0328125
1 0.378125 0.22109375 0.034375 0.034375
1 0.4484375 0.2171875 0.021875 0.028125
1 0.29296875 0.25859375 0.05 0.05625
1 0.01015625 0.28828125 0.0203125 0.0484375
1 0.09765625 0.28125 0.046875 0.046875
1 0.5984375 0.2625 0.021875 0.040625
1 0.85078125 0.3625 0.2953125 0.334375
1 0.58359375 0.646875 0.1078125 0.115625
1 0.44765625 0.63515625 0.1234375 0.0921875
1 0.90859375 0.9359375 0.1796875 0.125