1 0.33046875 0.471875 0.0609375 0.0125
1 0.15390625 0.43359375 0.0359375 0.059375
1 0.11796875 0.41875 0.0609375 0.0640625
1 0.05 0.40859375 0.0546875 0.059375
1 0.075 0.27578125 0.0484375 0.0484375
1 0.20390625 0.31796875 0.04375 0.0453125
1 0.28359375 0.31953125 0.0484375 0.0484375
1 0.4046875 0.378125 0.05625 0.0484375
1 0.4265625 0.21328125 0.021875 0.0484375
1 0.3296875 0.16875 0.0390625 0.046875
1 0.24765625 0.17265625 0.0359375 0.0421875
1 0.1375 0.14140625 0.0359375 0.0421875
1 0.04453125 0.1296875 0.04375 0.05
1 0.08359375 0.06015625 0.025 0.0359375
1 0.1703125 0.09765625 0.0359375 0.0421875
1 0.29453125 0.11328125 0.034375 0.0453125
1 0.434375 0.109375 0.00625 0.046875
1 0.41484375 0.06171875 0.034375 0.0328125
1 0.3484375 0.0453125 0.034375 0.0375
1 0.26328125 0.0234375 0.040625 0.0375
1 0.14609375 0.02734375 0.028125 0.0296875
1 0.08359375 0.01015625 0.0296875 0.0203125
1 0.62890625 0.28984375 0.103125 0.109375
2 0.76875 0.3359375 0.0734375 0.0703125
1 0.88984375 0.3421875 0.08125 0.0671875
1 0.24296875 0.61953125 0.071875 0.0828125
1 0.2703125 0.49453125 0.034375 0.0296875
1 0.28359375 0.5640625 0.0328125 0.034375
2 0.4 0.59609375 0.075 0.0703125
1 0.5078125 0.8796875 0.1375 0.2375