1 0.24765625 0.12734375 0.1265625 0.1375
1 0.98828125 0.26328125 0.0203125 0.0328125
2 0.9734375 0.3828125 0.0203125 0.0265625
1 0.98828125 0.190625 0.0203125 0.028125
1 0.94140625 0.1984375 0.0140625 0.0265625
2 0.97421875 0.13203125 0.0234375 0.0234375
1 0.86484375 0.37578125 0.03125 0.0328125
1 0.80703125 0.49765625 0.0328125 0.0328125
1 0.8328125 0.3421875 0.0265625 0.03125
2 0.83125 0.2625 0.0203125 0.0234375
1 0.85078125 0.221875 0.0203125 0.0265625
1 0.75703125 0.27265625 0.0203125 0.0265625
1 0.7453125 0.390625 0.03125 0.03125
1 0.71328125 0.45703125 0.028125 0.0359375
1 0.74453125 0.4484375 0.03125 0.0359375
1 0.66484375 0.51875 0.01875 0.0265625
1 0.6453125 0.37421875 0.028125 0.0328125
1 0.66015625 0.34296875 0.0328125 0.0203125
1 0.67734375 0.2578125 0.028125 0.0265625
1 0.76640625 0.20625 0.028125 0.0265625
1 0.88828125 0.1328125 0.0234375 0.01875
2 0.89921875 0.11015625 0.0203125 0.0234375
2 0.84375 0.1421875 0.0265625 0.0265625
2 0.80703125 0.13125 0.0203125 0.0203125
1 0.7390625 0.1515625 0.0234375 0.0234375
1 0.75859375 0.1125 0.0265625 0.0234375
1 0.8375 0.03515625 0.01875 0.0203125
1 0.79921875 0.0203125 0.015625 0.0203125
1 0.77890625 0.0875 0.01875 0.0203125
1 0.7015625 0.08828125 0.0203125 0.01875
1 0.8640625 0.103125 0.01875 0.0203125
1 0.6875 0.21328125 0.0265625 0.0234375
1 0.64921875 0.1828125 0.0234375 0.028125
1 0.61796875 0.21171875 0.0234375 0.0265625
1 0.61171875 0.278125 0.0203125 0.0234375
1 0.59453125 0.1234375 0.0109375 0.021875
1 0.78046875 0.00703125 0.0171875 0.0140625
2 0.69296875 0.0265625 0.0140625 0.01875
1 0.6609375 0.0203125 0.0203125 0.0203125
1 0.596875 0.05 0.015625 0.021875
1 0.3078125 0.8453125 0.04375 0.0625
0 0.92890625 0.74453125 0.1390625 0.2296875