1 0.1578125 0.16484375 0.103125 0.115625
1 0.7109375 0.1921875 0.0640625 0.05625
1 0.834375 0.21015625 0.05625 0.0578125
2 0.971875 0.290625 0.0265625 0.0265625
1 0.0703125 0.86484375 0.090625 0.078125
1 0.12578125 0.7375 0.04375 0.046875
1 0.259375 0.87421875 0.053125 0.05625
1 0.32265625 0.83828125 0.0390625 0.05
1 0.42109375 0.84765625 0.0359375 0.0546875
1 0.36953125 0.9484375 0.0609375 0.065625
1 0.4 0.721875 0.0265625 0.0390625
1 0.26796875 0.74921875 0.01875 0.034375
1 0.753125 0.603125 0.31875 0.16875