2 0.171875 0.13671875 0.04375 0.046875
1 0.06953125 0.1421875 0.0640625 0.053125
1 0.02265625 0.22890625 0.0453125 0.0609375
1 0.103125 0.2265625 0.075 0.075
2 0.346875 0.2171875 0.04375 0.05
2 0.3140625 0.2578125 0.065625 0.0625
1 0.41875 0.1640625 0.01875 0.071875
1 0.26875 0.3671875 0.078125 0.08125
1 0.45859375 0.1328125 0.0578125 0.1375
1 0.62734375 0.140625 0.159375 0.1734375
1 0.48125 0.053125 0.103125 0.10625
1 0.846875 0.21171875 0.221875 0.225
1 0.05234375 0.7109375 0.0796875 0.0921875
1 0.12734375 0.94609375 0.1109375 0.1046875
1 0.2265625 0.76640625 0.071875 0.0875
1 0.24609375 0.60859375 0.046875 0.0546875
1 0.30390625 0.56640625 0.0421875 0.0546875