1 0.17109375 0.396875 0.0671875 0.0703125
1 0.09453125 0.403125 0.0515625 0.0453125
1 0.15703125 0.31328125 0.0484375 0.0515625
1 0.271875 0.3296875 0.0453125 0.0640625
1 0.23359375 0.30859375 0.03125 0.0328125
1 0.334375 0.40859375 0.071875 0.0828125
1 0.47421875 0.33203125 0.0671875 0.0828125
1 0.828125 0.37265625 0.103125 0.1046875
2 0.8671875 0.23671875 0.0796875 0.0796875
1 0.5609375 0.36171875 0.103125 0.1015625
1 0.9796875 0.246875 0.0375 0.059375
1 0.55078125 0.22265625 0.0609375 0.0640625
1 0.60078125 0.22109375 0.040625 0.0484375
1 0.64453125 0.15703125 0.03125 0.0390625
1 0.75546875 0.1296875 0.04375 0.0359375
2 0.5140625 0.1265625 0.009375 0.0375
1 0.54375 0.10859375 0.015625 0.025
1 0.6703125 0.1015625 0.0171875 0.021875
1 0.715625 0.1390625 0.0359375 0.0328125
1 0.609375 0.18046875 0.03125 0.0390625
1 0.9421875 0.09375 0.0234375 0.0265625
1 0.9875 0.0859375 0.0234375 0.0296875
1 0.81171875 0.121875 0.0171875 0.021875
1 0.9671875 0.08515625 0.0203125 0.025
2 0.44609375 0.571875 0.03125 0.040625
1 0.57421875 0.5421875 0.0359375 0.0390625
1 0.625 0.53671875 0.059375 0.0546875
1 0.6703125 0.521875 0.034375 0.025
1 0.7640625 0.60625 0.0609375 0.0578125
1 0.775 0.51875 0.028125 0.01875
1 0.86328125 0.5859375 0.03125 0.028125
1 0.978125 0.51484375 0.034375 0.0109375
1 0.96796875 0.56953125 0.0453125 0.0734375
1 0.51796875 0.57109375 0.0171875 0.01875